'0114' 2.0 7.0 6.0 7.0 2.0 7.0 3.0 6.0 4.0 6.0 5.0 2.0 7.0 6.0 7.0 1.0 7.0 6.0 7.0 6.0 6.0 7.0 7.0 6.0 7.0 7.0 6.0 6.0 3.0 7.0 7.0 6.0 5.0 5.0 2.0 5.0 7.0 6.0 5.0 6.0 6.0 1.0 6.0 5.0 3.0 7.0 7.0 6.0 7.0 7.0 7.0 7.0 7.0 7.0 6.0 7.0 6.0 6.0 7.0 1.0 1.0 6.0 7.0 7.0 6.0 7.0 7.0 5.0 1.0 6.0 1.0 3.0 4.0 6.0 7.0 2.0 
'0114' 7.0 7.0 7.0 6.0 1.0 6.0 2.0 4.0 7.0 3.0 5.0 4.0 7.0 7.0 6.0 4.0 7.0 7.0 6.0 7.0 5.0 7.0 7.0 7.0 7.0 7.0 6.0 6.0 1.0 5.0 4.0 7.0 7.0 4.0 1.0 6.0 7.0 7.0 7.0 7.0 5.0 3.0 5.0 7.0 1.0 6.0 6.0 6.0 7.0 6.0 5.0 7.0 5.0 5.0 5.0 7.0 7.0 5.0 6.0 2.0 2.0 7.0 6.0 6.0 7.0 4.0 5.0 3.0 1.0 5.0 3.0 3.0 6.0 6.0 9.0 2.0 
'0116' 4.0 4.0 3.0 5.0 5.0 5.0 5.0 4.0 7.0 4.0 6.0 4.0 7.0 6.0 5.0 2.0 5.0 5.0 7.0 7.0 5.0 4.0 6.0 4.0 4.0 6.0 3.0 5.0 4.0 7.0 6.0 4.0 5.0 4.0 3.0 4.0 4.0 5.0 5.0 3.0 5.0 3.0 4.0 5.0 4.0 5.0 5.0 5.0 4.0 6.0 5.0 5.0 3.0 6.0 5.0 6.0 4.0 4.0 5.0 3.0 1.0 4.0 7.0 6.0 5.0 6.0 5.0 4.0 3.0 4.0 1.0 3.0 1.0 3.0 7.0 1.0 
'0117' 4.0 4.0 4.0 7.0 2.0 6.0 6.0 6.0 6.0 4.0 6.0 4.0 6.0 6.0 5.0 4.0 5.0 4.0 6.0 6.0 6.0 4.0 7.0 4.0 6.0 7.0 4.0 6.0 1.0 4.0 5.0 6.0 7.0 4.0 1.0 5.0 5.0 6.0 6.0 5.0 4.0 1.0 6.0 4.0 1.0 7.0 4.0 4.0 4.0 7.0 7.0 3.0 4.0 4.0 5.0 4.0 4.0 4.0 7.0 1.0 1.0 2.0 4.0 7.0 4.0 4.0 3.0 7.0 4.0 6.0 2.0 1.0 2.0 1.0 2.0 1.0 
'0117' 3.0 7.0 7.0 6.0 2.0 7.0 1.0 7.0 6.0 7.0 5.0 7.0 7.0 7.0 7.0 1.0 7.0 7.0 7.0 7.0 7.0 7.0 7.0 3.0 7.0 7.0 1.0 7.0 1.0 5.0 5.0 7.0 2.0 3.0 5.0 6.0 7.0 7.0 3.0 6.0 6.0 2.0 7.0 5.0 2.0 7.0 7.0 1.0 7.0 7.0 5.0 7.0 7.0 7.0 6.0 7.0 6.0 6.0 7.0 5.0 5.0 6.0 7.0 5.0 2.0 6.0 7.0 7.0 1.0 5.0 3.0 2.0 3.0 2.0 6.0 1.0 
'0119' 5.0 6.0 4.0 7.0 5.0 6.0 3.0 3.0 6.0 5.0 5.0 5.0 6.0 6.0 5.0 1.0 7.0 4.0 7.0 6.0 6.0 7.0 3.0 3.0 7.0 5.0 5.0 4.0 2.0 7.0 5.0 7.0 7.0 5.0 1.0 7.0 7.0 6.0 3.0 6.0 7.0 4.0 1.0 3.0 3.0 7.0 4.0 4.0 7.0 7.0 4.0 7.0 7.0 3.0 5.0 6.0 6.0 4.0 7.0 5.0 1.0 4.0 6.0 5.0 5.0 6.0 3.0 7.0 2.0 7.0 1.0 3.0 4.0 6.0 7.0 2.0 
'0119' 4.0 7.0 4.0 7.0 1.0 6.0 7.0 7.0 2.0 7.0 5.0 7.0 7.0 7.0 7.0 5.0 5.0 4.0 6.0 7.0 5.0 7.0 6.0 2.0 7.0 7.0 7.0 6.0 5.0 7.0 7.0 7.0 1.0 4.0 6.0 7.0 7.0 7.0 7.0 7.0 4.0 3.0 5.0 6.0 1.0 7.0 7.0 2.0 7.0 7.0 7.0 7.0 7.0 7.0 7.0 4.0 6.0 7.0 7.0 1.0 1.0 6.0 6.0 6.0 7.0 7.0 7.0 5.0 1.0 6.0 1.0 3.0 4.0 6.0 7.0 2.0 
'0119' 4.0 5.0 4.0 7.0 4.0 5.0 4.0 4.0 5.0 7.0 4.0 3.0 7.0 7.0 6.0 3.0 6.0 4.0 7.0 5.0 5.0 6.0 6.0 5.0 4.0 4.0 4.0 4.0 4.0 5.0 4.0 6.0 6.0 4.0 2.0 4.0 4.0 5.0 4.0 6.0 4.0 4.0 5.0 5.0 4.0 6.0 6.0 5.0 7.0 6.0 6.0 5.0 4.0 6.0 5.0 6.0 4.0 3.0 7.0 4.0 1.0 5.0 6.0 5.0 4.0 6.0 5.0 4.0 3.0 4.0 1.0 1.0 1.0 1.0 1.0 1.0 
'0122' 4.0 7.0 7.0 7.0 2.0 5.0 6.0 6.0 7.0 5.0 7.0 3.0 7.0 6.0 7.0 1.0 7.0 4.0 7.0 7.0 5.0 6.0 5.0 6.0 7.0 4.0 5.0 5.0 1.0 7.0 7.0 5.0 7.0 4.0 3.0 7.0 5.0 6.0 5.0 5.0 4.0 3.0 6.0 7.0 2.0 6.0 5.0 5.0 7.0 7.0 4.0 4.0 7.0 4.0 7.0 5.0 5.0 5.0 7.0 3.0 1.0 5.0 7.0 7.0 7.0 7.0 4.0 4.0 1.0 6.0 1.0 1.0 4.0 4.0 1.0 2.0 
'0125' 4.0 4.0 7.0 6.0 1.0 7.0 5.0 7.0 7.0 7.0 7.0 4.0 7.0 6.0 7.0 2.0 7.0 7.0 6.0 7.0 7.0 3.0 7.0 6.0 7.0 6.0 7.0 7.0 1.0 7.0 4.0 4.0 5.0 4.0 2.0 6.0 6.0 7.0 5.0 5.0 4.0 2.0 5.0 5.0 4.0 7.0 4.0 6.0 4.0 7.0 6.0 5.0 4.0 4.0 2.0 5.0 5.0 6.0 6.0 3.0 2.0 7.0 6.0 7.0 7.0 4.0 5.0 5.0 1.0 2.0 2.0 3.0 5.0 6.0 8.0 2.0 
'0125' 7.0 6.0 6.0 4.0 3.0 7.0 3.0 6.0 6.0 5.0 6.0 5.0 7.0 7.0 6.0 2.0 7.0 7.0 7.0 7.0 7.0 6.0 6.0 6.0 5.0 5.0 4.0 5.0 1.0 5.0 5.0 6.0 4.0 4.0 3.0 6.0 7.0 7.0 5.0 7.0 3.0 3.0 4.0 6.0 3.0 5.0 7.0 6.0 7.0 7.0 7.0 6.0 7.0 6.0 6.0 7.0 6.0 7.0 6.0 3.0 3.0 6.0 7.0 7.0 5.0 6.0 5.0 4.0 1.0 4.0 3.0 2.0 6.0 5.0 6.0 2.0 
'0125' 4.0 6.0 4.0 3.0 4.0 6.0 5.0 7.0 6.0 5.0 5.0 3.0 6.0 6.0 5.0 1.0 6.0 4.0 7.0 6.0 2.0 6.0 5.0 5.0 5.0 7.0 6.0 5.0 1.0 4.0 5.0 5.0 4.0 1.0 3.0 5.0 6.0 5.0 6.0 5.0 4.0 1.0 5.0 6.0 1.0 6.0 6.0 3.0 5.0 7.0 6.0 5.0 5.0 6.0 3.0 6.0 4.0 1.0 6.0 3.0 2.0 6.0 5.0 6.0 4.0 4.0 5.0 5.0 1.0 5.0 2.0 3.0 2.0 3.0 8.0 1.0 
'0127' 4.0 4.0 4.0 4.0 4.0 6.0 5.0 6.0 6.0 4.0 4.0 2.0 7.0 4.0 6.0 2.0 4.0 4.0 7.0 6.0 4.0 5.0 7.0 4.0 4.0 6.0 2.0 4.0 3.0 6.0 4.0 6.0 4.0 4.0 2.0 6.0 6.0 4.0 4.0 5.0 4.0 4.0 5.0 7.0 2.0 4.0 4.0 4.0 4.0 7.0 6.0 2.0 4.0 2.0 4.0 4.0 4.0 4.0 6.0 2.0 1.0 3.0 6.0 4.0 4.0 4.0 5.0 4.0 4.0 6.0 1.0 2.0 4.0 5.0 4.0 2.0 
'0128' 6.0 5.0 7.0 6.0 5.0 6.0 5.0 5.0 6.0 5.0 6.0 5.0 7.0 6.0 6.0 5.0 6.0 6.0 7.0 7.0 6.0 6.0 6.0 7.0 5.0 6.0 7.0 6.0 2.0 4.0 4.0 3.0 7.0 5.0 3.0 6.0 6.0 7.0 6.0 6.0 5.0 5.0 5.0 7.0 5.0 6.0 1.0 7.0 2.0 7.0 7.0 5.0 5.0 5.0 5.0 6.0 5.0 6.0 6.0 5.0 5.0 5.0 5.0 5.0 6.0 5.0 5.0 4.0 4.0 3.0 2.0 3.0 2.0 3.0 8.0 1.0 
'0128' 6.0 6.0 4.0 7.0 3.0 6.0 6.0 7.0 7.0 6.0 5.0 5.0 7.0 3.0 6.0 3.0 7.0 4.0 7.0 5.0 6.0 5.0 7.0 5.0 6.0 7.0 1.0 6.0 4.0 4.0 4.0 7.0 6.0 3.0 2.0 6.0 6.0 7.0 6.0 6.0 4.0 3.0 4.0 6.0 2.0 6.0 4.0 4.0 5.0 7.0 7.0 5.0 6.0 6.0 6.0 5.0 6.0 6.0 6.0 2.0 1.0 3.0 6.0 6.0 6.0 7.0 2.0 4.0 2.0 5.0 1.0 1.0 1.0 1.0 1.0 1.0 
'0129' 4.0 6.0 4.0 7.0 4.0 4.0 6.0 6.0 7.0 5.0 6.0 3.0 7.0 6.0 5.0 2.0 7.0 4.0 7.0 6.0 7.0 7.0 6.0 4.0 7.0 6.0 4.0 6.0 2.0 7.0 7.0 6.0 7.0 1.0 1.0 6.0 5.0 7.0 4.0 4.0 5.0 4.0 5.0 7.0 1.0 5.0 3.0 4.0 6.0 7.0 7.0 7.0 6.0 7.0 5.0 7.0 5.0 6.0 6.0 4.0 5.0 5.0 7.0 6.0 6.0 7.0 6.0 6.0 1.0 7.0 1.0 2.0 4.0 5.0 4.0 2.0 
'0145' 7.0 7.0 6.0 6.0 3.0 5.0 5.0 7.0 5.0 5.0 7.0 3.0 7.0 4.0 5.0 2.0 7.0 7.0 7.0 7.0 7.0 6.0 4.0 7.0 7.0 5.0 7.0 6.0 3.0 7.0 6.0 3.0 7.0 5.0 1.0 5.0 1.0 7.0 7.0 5.0 2.0 1.0 5.0 5.0 1.0 5.0 3.0 7.0 7.0 7.0 5.0 7.0 6.0 4.0 7.0 6.0 5.0 5.0 7.0 2.0 2.0 7.0 5.0 7.0 6.0 7.0 4.0 5.0 1.0 6.0 2.0 2.0 2.0 2.0 5.0 1.0 
'0145' 4.0 3.0 4.0 6.0 4.0 3.0 7.0 4.0 5.0 5.0 7.0 2.0 6.0 6.0 5.0 3.0 5.0 4.0 5.0 7.0 6.0 7.0 3.0 1.0 6.0 4.0 7.0 5.0 2.0 7.0 7.0 6.0 7.0 4.0 2.0 5.0 4.0 7.0 4.0 5.0 5.0 4.0 3.0 2.0 4.0 5.0 6.0 4.0 7.0 7.0 5.0 5.0 5.0 5.0 3.0 5.0 5.0 5.0 7.0 3.0 1.0 7.0 5.0 6.0 2.0 7.0 4.0 4.0 1.0 6.0 2.0 3.0 5.0 6.0 8.0 2.0 
'0147' 4.0 4.0 4.0 5.0 4.0 4.0 6.0 6.0 6.0 5.0 4.0 4.0 6.0 5.0 5.0 3.0 5.0 4.0 5.0 4.0 1.0 4.0 5.0 5.0 7.0 4.0 1.0 4.0 4.0 7.0 4.0 4.0 5.0 1.0 4.0 5.0 2.0 4.0 5.0 5.0 7.0 4.0 4.0 4.0 3.0 4.0 4.0 4.0 4.0 6.0 5.0 7.0 3.0 6.0 5.0 4.0 5.0 4.0 5.0 4.0 4.0 4.0 2.0 4.0 5.0 4.0 4.0 5.0 4.0 7.0 1.0 1.0 1.0 1.0 1.0 1.0 
'0147' 5.0 5.0 7.0 6.0 2.0 6.0 3.0 7.0 5.0 7.0 6.0 5.0 3.0 7.0 6.0 1.0 6.0 6.0 7.0 7.0 6.0 6.0 7.0 3.0 6.0 7.0 5.0 3.0 1.0 2.0 7.0 6.0 6.0 6.0 2.0 7.0 7.0 6.0 4.0 6.0 4.0 4.0 6.0 5.0 2.0 6.0 4.0 6.0 7.0 7.0 6.0 5.0 5.0 6.0 5.0 7.0 6.0 6.0 6.0 7.0 2.0 4.0 6.0 6.0 7.0 4.0 5.0 3.0 1.0 6.0 1.0 3.0 4.0 6.0 7.0 2.0 
'0147' 4.0 7.0 4.0 5.0 4.0 7.0 4.0 6.0 7.0 4.0 5.0 4.0 7.0 2.0 4.0 1.0 7.0 1.0 7.0 7.0 6.0 7.0 7.0 7.0 7.0 7.0 2.0 5.0 1.0 7.0 7.0 4.0 7.0 4.0 3.0 4.0 4.0 7.0 5.0 6.0 4.0 4.0 4.0 7.0 5.0 7.0 4.0 4.0 7.0 7.0 5.0 7.0 6.0 6.0 4.0 7.0 4.0 5.0 7.0 5.0 1.0 4.0 5.0 7.0 7.0 7.0 1.0 4.0 5.0 7.0 2.0 3.0 5.0 6.0 8.0 2.0 
'0147' 4.0 7.0 4.0 6.0 4.0 7.0 5.0 6.0 7.0 6.0 4.0 6.0 7.0 7.0 6.0 3.0 7.0 4.0 7.0 6.0 5.0 6.0 7.0 6.0 4.0 6.0 2.0 5.0 2.0 7.0 6.0 6.0 7.0 5.0 3.0 5.0 3.0 6.0 5.0 6.0 6.0 3.0 6.0 4.0 3.0 6.0 2.0 5.0 7.0 7.0 3.0 7.0 7.0 6.0 5.0 7.0 6.0 4.0 7.0 7.0 2.0 6.0 6.0 6.0 6.0 7.0 4.0 6.0 3.0 5.0 1.0 2.0 4.0 5.0 4.0 2.0 
'0148' 4.0 7.0 7.0 7.0 1.0 5.0 6.0 6.0 2.0 5.0 7.0 3.0 7.0 6.0 6.0 1.0 7.0 4.0 7.0 6.0 3.0 7.0 7.0 2.0 7.0 5.0 6.0 6.0 1.0 7.0 7.0 6.0 7.0 4.0 4.0 7.0 7.0 7.0 4.0 6.0 4.0 4.0 6.0 6.0 4.0 6.0 4.0 5.0 7.0 7.0 6.0 7.0 7.0 6.0 7.0 7.0 7.0 6.0 7.0 4.0 1.0 6.0 5.0 7.0 6.0 7.0 4.0 4.0 1.0 2.0 2.0 1.0 2.0 1.0 2.0 1.0 
'0148' 1.0 6.0 3.0 7.0 1.0 6.0 2.0 7.0 6.0 5.0 3.0 3.0 6.0 3.0 5.0 3.0 6.0 1.0 7.0 3.0 3.0 6.0 5.0 6.0 7.0 6.0 3.0 5.0 1.0 7.0 3.0 7.0 7.0 3.0 1.0 2.0 6.0 3.0 2.0 5.0 4.0 3.0 5.0 6.0 5.0 6.0 5.0 3.0 6.0 7.0 7.0 5.0 6.0 5.0 6.0 6.0 6.0 2.0 7.0 5.0 1.0 6.0 7.0 1.0 5.0 5.0 5.0 3.0 2.0 2.0 1.0 2.0 4.0 5.0 4.0 2.0 
'0150' 3.0 7.0 4.0 6.0 4.0 7.0 7.0 7.0 7.0 6.0 6.0 6.0 7.0 6.0 6.0 1.0 7.0 4.0 7.0 7.0 5.0 6.0 7.0 5.0 7.0 5.0 2.0 4.0 1.0 7.0 7.0 6.0 6.0 3.0 1.0 4.0 7.0 6.0 4.0 6.0 6.0 2.0 3.0 4.0 2.0 7.0 6.0 7.0 6.0 7.0 5.0 6.0 6.0 5.0 6.0 7.0 5.0 6.0 7.0 1.0 1.0 4.0 6.0 7.0 3.0 7.0 4.0 3.0 1.0 6.0 1.0 3.0 1.0 3.0 7.0 1.0 
'0151' 4.0 6.0 4.0 4.0 3.0 7.0 4.0 7.0 7.0 4.0 4.0 4.0 7.0 7.0 4.0 1.0 7.0 4.0 7.0 7.0 7.0 6.0 6.0 6.0 5.0 7.0 2.0 6.0 2.0 7.0 7.0 6.0 6.0 4.0 3.0 6.0 2.0 7.0 5.0 2.0 4.0 3.0 4.0 6.0 2.0 6.0 5.0 6.0 7.0 7.0 6.0 6.0 7.0 5.0 5.0 7.0 4.0 5.0 6.0 2.0 1.0 4.0 5.0 5.0 5.0 5.0 6.0 5.0 1.0 3.0 1.0 3.0 1.0 3.0 7.0 1.0 
'0153' 4.0 5.0 5.0 7.0 4.0 7.0 7.0 7.0 7.0 5.0 6.0 4.0 7.0 7.0 5.0 2.0 6.0 4.0 7.0 7.0 7.0 6.0 7.0 7.0 7.0 6.0 6.0 7.0 1.0 7.0 5.0 5.0 7.0 5.0 5.0 7.0 7.0 7.0 5.0 7.0 5.0 4.0 7.0 7.0 2.0 7.0 3.0 5.0 6.0 7.0 7.0 6.0 7.0 5.0 7.0 5.0 7.0 7.0 7.0 2.0 1.0 5.0 7.0 6.0 7.0 6.0 6.0 6.0 1.0 7.0 1.0 3.0 1.0 3.0 7.0 1.0 
'0154' 4.0 5.0 4.0 7.0 1.0 6.0 5.0 7.0 7.0 4.0 6.0 3.0 7.0 6.0 4.0 3.0 6.0 4.0 7.0 7.0 6.0 6.0 7.0 6.0 3.0 7.0 2.0 4.0 1.0 7.0 7.0 7.0 7.0 4.0 3.0 4.0 7.0 6.0 5.0 7.0 4.0 4.0 6.0 7.0 3.0 7.0 7.0 5.0 7.0 7.0 7.0 6.0 7.0 5.0 5.0 5.0 5.0 5.0 7.0 3.0 3.0 6.0 5.0 5.0 7.0 6.0 4.0 4.0 2.0 5.0 1.0 2.0 4.0 5.0 4.0 2.0 
'0156' 5.0 5.0 6.0 7.0 2.0 7.0 4.0 7.0 4.0 5.0 5.0 3.0 6.0 6.0 5.0 3.0 5.0 7.0 5.0 4.0 5.0 5.0 4.0 4.0 3.0 4.0 4.0 5.0 1.0 4.0 4.0 6.0 4.0 3.0 4.0 5.0 7.0 6.0 6.0 5.0 3.0 4.0 4.0 4.0 3.0 5.0 6.0 4.0 4.0 7.0 5.0 7.0 5.0 4.0 3.0 5.0 3.0 4.0 6.0 3.0 4.0 5.0 6.0 5.0 4.0 6.0 7.0 4.0 2.0 3.0 3.0 2.0 6.0 5.0 6.0 2.0 
'0157' 3.0 5.0 5.0 4.0 5.0 5.0 7.0 6.0 6.0 5.0 6.0 5.0 7.0 5.0 6.0 5.0 7.0 5.0 7.0 7.0 4.0 7.0 7.0 6.0 5.0 7.0 6.0 4.0 3.0 5.0 5.0 6.0 5.0 4.0 2.0 5.0 2.0 5.0 4.0 7.0 3.0 4.0 3.0 7.0 2.0 4.0 5.0 7.0 5.0 4.0 6.0 6.0 5.0 5.0 3.0 4.0 4.0 7.0 6.0 3.0 3.0 4.0 7.0 7.0 5.0 6.0 5.0 5.0 3.0 7.0 1.0 3.0 1.0 3.0 7.0 1.0 
'0158' 2.0 7.0 4.0 5.0 2.0 7.0 5.0 7.0 7.0 5.0 4.0 6.0 7.0 3.0 5.0 2.0 7.0 4.0 6.0 4.0 6.0 6.0 5.0 5.0 7.0 5.0 3.0 4.0 1.0 7.0 5.0 5.0 5.0 5.0 3.0 6.0 5.0 6.0 4.0 6.0 5.0 4.0 5.0 7.0 2.0 2.0 2.0 4.0 6.0 6.0 6.0 7.0 6.0 7.0 6.0 5.0 6.0 6.0 7.0 2.0 1.0 6.0 4.0 7.0 6.0 6.0 5.0 5.0 1.0 7.0 1.0 3.0 4.0 6.0 7.0 2.0 
'0159' 5.0 5.0 7.0 7.0 7.0 6.0 7.0 7.0 7.0 6.0 4.0 2.0 7.0 7.0 7.0 5.0 4.0 7.0 7.0 7.0 7.0 7.0 7.0 6.0 3.0 7.0 3.0 7.0 1.0 7.0 7.0 4.0 7.0 6.0 3.0 7.0 5.0 7.0 4.0 6.0 5.0 3.0 3.0 6.0 3.0 6.0 7.0 4.0 7.0 7.0 6.0 6.0 7.0 3.0 7.0 4.0 5.0 6.0 7.0 4.0 2.0 1.0 7.0 4.0 7.0 7.0 6.0 6.0 1.0 5.0 1.0 2.0 4.0 5.0 4.0 2.0 
'0161' 5.0 7.0 6.0 7.0 4.0 7.0 7.0 6.0 7.0 5.0 5.0 6.0 7.0 6.0 5.0 1.0 6.0 4.0 7.0 6.0 7.0 7.0 6.0 6.0 2.0 6.0 6.0 7.0 2.0 7.0 7.0 7.0 7.0 3.0 3.0 7.0 6.0 7.0 6.0 5.0 6.0 3.0 6.0 7.0 4.0 6.0 6.0 5.0 6.0 7.0 7.0 7.0 7.0 6.0 6.0 6.0 6.0 6.0 7.0 2.0 1.0 6.0 6.0 7.0 7.0 7.0 7.0 6.0 1.0 5.0 1.0 2.0 1.0 2.0 4.0 1.0 
'0213' 3.0 6.0 6.0 5.0 4.0 6.0 2.0 3.0 6.0 6.0 7.0 6.0 7.0 6.0 6.0 1.0 6.0 4.0 7.0 7.0 5.0 6.0 7.0 5.0 6.0 6.0 5.0 6.0 1.0 4.0 6.0 6.0 3.0 4.0 5.0 5.0 7.0 6.0 5.0 6.0 5.0 5.0 6.0 5.0 4.0 6.0 5.0 5.0 6.0 7.0 5.0 6.0 7.0 6.0 5.0 6.0 7.0 7.0 5.0 3.0 1.0 5.0 7.0 6.0 6.0 7.0 5.0 6.0 1.0 4.0 3.0 2.0 6.0 5.0 6.0 2.0 
'0216' 4.0 7.0 4.0 7.0 1.0 6.0 7.0 7.0 7.0 5.0 7.0 1.0 7.0 6.0 5.0 1.0 7.0 4.0 7.0 7.0 5.0 7.0 7.0 5.0 4.0 7.0 5.0 5.0 1.0 7.0 6.0 4.0 7.0 4.0 4.0 6.0 2.0 7.0 5.0 5.0 5.0 1.0 5.0 7.0 1.0 7.0 4.0 7.0 1.0 7.0 6.0 3.0 7.0 1.0 1.0 7.0 4.0 5.0 7.0 1.0 1.0 4.0 5.0 7.0 7.0 6.0 5.0 5.0 1.0 7.0 2.0 2.0 5.0 5.0 5.0 2.0 
'0219' 1.0 5.0 7.0 7.0 4.0 2.0 2.0 7.0 7.0 4.0 4.0 4.0 7.0 6.0 7.0 1.0 2.0 4.0 7.0 7.0 6.0 6.0 2.0 4.0 6.0 4.0 6.0 7.0 1.0 6.0 4.0 4.0 7.0 3.0 2.0 6.0 6.0 7.0 7.0 6.0 4.0 4.0 7.0 7.0 5.0 7.0 4.0 4.0 7.0 7.0 7.0 4.0 7.0 6.0 7.0 4.0 4.0 7.0 7.0 1.0 2.0 4.0 7.0 6.0 7.0 4.0 4.0 4.0 2.0 4.0 2.0 3.0 5.0 6.0 8.0 2.0 
'0219' 4.0 6.0 6.0 6.0 3.0 6.0 4.0 5.0 5.0 5.0 6.0 5.0 6.0 5.0 6.0 1.0 6.0 4.0 6.0 7.0 5.0 6.0 7.0 5.0 5.0 7.0 5.0 5.0 2.0 6.0 6.0 5.0 6.0 4.0 2.0 6.0 6.0 6.0 4.0 3.0 5.0 3.0 5.0 5.0 2.0 6.0 4.0 6.0 7.0 7.0 5.0 7.0 6.0 6.0 6.0 5.0 6.0 6.0 6.0 4.0 3.0 5.0 6.0 6.0 5.0 7.0 5.0 5.0 2.0 3.0 2.0 3.0 5.0 6.0 8.0 2.0 
'0219' 2.0 6.0 7.0 3.0 6.0 5.0 7.0 7.0 6.0 7.0 4.0 6.0 7.0 6.0 6.0 1.0 6.0 6.0 6.0 7.0 5.0 7.0 6.0 5.0 7.0 6.0 7.0 4.0 1.0 7.0 7.0 4.0 7.0 5.0 2.0 6.0 1.0 7.0 6.0 7.0 4.0 4.0 6.0 6.0 5.0 7.0 3.0 3.0 7.0 7.0 6.0 3.0 7.0 5.0 5.0 4.0 6.0 6.0 7.0 4.0 1.0 4.0 3.0 6.0 6.0 2.0 6.0 6.0 4.0 1.0 1.0 2.0 4.0 5.0 4.0 2.0 
'0219' 4.0 4.0 4.0 7.0 4.0 6.0 4.0 6.0 7.0 5.0 7.0 4.0 7.0 5.0 5.0 1.0 7.0 4.0 6.0 7.0 4.0 7.0 1.0 4.0 4.0 4.0 7.0 6.0 1.0 7.0 6.0 7.0 7.0 4.0 3.0 5.0 4.0 7.0 5.0 5.0 4.0 4.0 6.0 5.0 4.0 6.0 4.0 4.0 7.0 7.0 7.0 4.0 4.0 5.0 4.0 7.0 5.0 7.0 6.0 3.0 1.0 4.0 6.0 7.0 4.0 4.0 5.0 5.0 1.0 1.0 3.0 2.0 6.0 5.0 6.0 2.0 
'0224' 6.0 6.0 7.0 7.0 5.0 7.0 7.0 7.0 7.0 7.0 7.0 5.0 7.0 6.0 7.0 2.0 7.0 4.0 7.0 5.0 3.0 6.0 7.0 6.0 6.0 7.0 5.0 6.0 1.0 6.0 6.0 6.0 7.0 4.0 2.0 6.0 4.0 5.0 7.0 6.0 6.0 4.0 6.0 7.0 2.0 5.0 4.0 7.0 4.0 7.0 7.0 7.0 7.0 6.0 6.0 7.0 5.0 5.0 7.0 2.0 2.0 2.0 6.0 7.0 7.0 7.0 5.0 6.0 6.0 7.0 2.0 1.0 2.0 1.0 2.0 1.0 
'0228' 4.0 5.0 4.0 7.0 1.0 7.0 1.0 4.0 7.0 4.0 6.0 1.0 7.0 7.0 7.0 1.0 7.0 4.0 7.0 4.0 4.0 7.0 7.0 7.0 4.0 7.0 1.0 7.0 1.0 6.0 7.0 1.0 4.0 4.0 4.0 7.0 7.0 7.0 4.0 7.0 6.0 4.0 6.0 7.0 4.0 2.0 4.0 7.0 4.0 7.0 7.0 7.0 7.0 7.0 4.0 7.0 7.0 7.0 7.0 1.0 1.0 4.0 6.0 7.0 7.0 7.0 1.0 4.0 4.0 4.0 3.0 1.0 6.0 4.0 3.0 2.0 
'0232' 5.0 6.0 5.0 7.0 3.0 6.0 3.0 7.0 7.0 6.0 3.0 5.0 6.0 6.0 5.0 2.0 5.0 5.0 5.0 7.0 6.0 7.0 5.0 6.0 7.0 4.0 5.0 3.0 2.0 7.0 7.0 4.0 3.0 2.0 5.0 5.0 6.0 6.0 5.0 6.0 6.0 3.0 7.0 6.0 4.0 6.0 5.0 4.0 7.0 7.0 6.0 3.0 5.0 5.0 5.0 4.0 5.0 5.0 5.0 3.0 3.0 5.0 6.0 5.0 6.0 5.0 6.0 5.0 2.0 3.0 2.0 3.0 5.0 6.0 8.0 2.0 
'0237' 4.0 6.0 4.0 7.0 2.0 6.0 4.0 6.0 3.0 5.0 4.0 6.0 6.0 6.0 5.0 1.0 6.0 4.0 7.0 6.0 5.0 6.0 6.0 3.0 5.0 7.0 2.0 4.0 3.0 7.0 6.0 6.0 7.0 4.0 2.0 6.0 7.0 3.0 3.0 6.0 6.0 4.0 3.0 5.0 4.0 6.0 4.0 6.0 7.0 6.0 6.0 5.0 6.0 7.0 7.0 7.0 4.0 5.0 5.0 3.0 1.0 5.0 7.0 6.0 4.0 6.0 5.0 6.0 1.0 2.0 2.0 1.0 2.0 1.0 2.0 1.0 
'0239' 4.0 6.0 4.0 7.0 2.0 7.0 4.0 2.0 6.0 3.0 4.0 4.0 7.0 6.0 4.0 7.0 7.0 7.0 7.0 7.0 2.0 5.0 7.0 2.0 3.0 6.0 1.0 6.0 1.0 5.0 6.0 5.0 5.0 1.0 5.0 4.0 1.0 5.0 4.0 5.0 2.0 4.0 4.0 7.0 5.0 5.0 1.0 4.0 5.0 7.0 5.0 5.0 5.0 6.0 6.0 5.0 5.0 7.0 6.0 5.0 1.0 6.0 6.0 6.0 6.0 5.0 4.0 6.0 4.0 1.0 3.0 1.0 6.0 4.0 3.0 2.0 
'0243' 5.0 7.0 7.0 7.0 4.0 6.0 6.0 5.0 6.0 5.0 4.0 5.0 7.0 6.0 6.0 1.0 7.0 7.0 7.0 6.0 5.0 7.0 7.0 4.0 6.0 6.0 1.0 7.0 1.0 4.0 7.0 7.0 5.0 4.0 2.0 7.0 7.0 6.0 6.0 6.0 6.0 5.0 6.0 6.0 4.0 6.0 6.0 4.0 7.0 7.0 7.0 7.0 6.0 5.0 7.0 7.0 7.0 6.0 7.0 4.0 4.0 7.0 7.0 7.0 6.0 6.0 7.0 5.0 3.0 4.0 3.0 2.0 6.0 5.0 6.0 2.0 
'0244' 5.0 5.0 6.0 5.0 4.0 7.0 2.0 6.0 6.0 5.0 6.0 6.0 6.0 5.0 5.0 3.0 5.0 6.0 7.0 3.0 6.0 6.0 6.0 5.0 5.0 5.0 6.0 6.0 2.0 5.0 7.0 7.0 6.0 3.0 3.0 5.0 6.0 6.0 5.0 6.0 5.0 4.0 6.0 6.0 2.0 6.0 5.0 6.0 5.0 6.0 5.0 5.0 4.0 5.0 3.0 6.0 6.0 6.0 5.0 3.0 1.0 6.0 7.0 6.0 6.0 4.0 6.0 5.0 1.0 5.0 3.0 2.0 3.0 2.0 6.0 1.0 
'0244' 4.0 6.0 6.0 6.0 3.0 6.0 6.0 7.0 7.0 6.0 7.0 5.0 6.0 3.0 4.0 1.0 6.0 6.0 7.0 7.0 6.0 7.0 7.0 3.0 6.0 5.0 1.0 6.0 2.0 6.0 6.0 6.0 5.0 4.0 3.0 7.0 2.0 7.0 6.0 7.0 6.0 3.0 6.0 7.0 4.0 6.0 3.0 7.0 5.0 7.0 6.0 4.0 7.0 5.0 5.0 6.0 6.0 5.0 6.0 2.0 2.0 4.0 6.0 5.0 4.0 4.0 6.0 6.0 1.0 5.0 2.0 1.0 2.0 1.0 2.0 1.0 
'0244' 2.0 5.0 4.0 7.0 4.0 6.0 6.0 7.0 7.0 4.0 6.0 3.0 7.0 5.0 4.0 2.0 6.0 6.0 6.0 7.0 6.0 6.0 6.0 4.0 7.0 6.0 6.0 7.0 1.0 6.0 5.0 6.0 6.0 4.0 3.0 7.0 3.0 5.0 7.0 6.0 4.0 5.0 6.0 7.0 2.0 6.0 3.0 3.0 6.0 7.0 6.0 7.0 6.0 5.0 4.0 7.0 4.0 5.0 6.0 3.0 3.0 4.0 7.0 6.0 6.0 7.0 7.0 6.0 2.0 6.0 2.0 2.0 2.0 2.0 5.0 1.0 
'0246' 3.0 6.0 4.0 7.0 4.0 6.0 7.0 7.0 7.0 6.0 7.0 1.0 6.0 6.0 5.0 2.0 7.0 1.0 7.0 6.0 7.0 7.0 5.0 6.0 1.0 3.0 5.0 7.0 7.0 4.0 6.0 5.0 7.0 4.0 1.0 4.0 7.0 3.0 7.0 7.0 4.0 3.0 4.0 7.0 1.0 7.0 2.0 7.0 7.0 7.0 3.0 2.0 7.0 6.0 4.0 7.0 5.0 6.0 7.0 4.0 2.0 1.0 5.0 7.0 5.0 7.0 6.0 6.0 4.0 4.0 1.0 2.0 4.0 5.0 4.0 2.0 
'0246' 4.0 7.0 6.0 5.0 4.0 6.0 6.0 6.0 6.0 5.0 5.0 3.0 7.0 5.0 4.0 1.0 6.0 7.0 7.0 5.0 5.0 5.0 6.0 3.0 4.0 7.0 1.0 4.0 4.0 7.0 7.0 7.0 1.0 1.0 4.0 5.0 7.0 5.0 3.0 6.0 5.0 3.0 5.0 6.0 4.0 4.0 5.0 1.0 7.0 7.0 5.0 6.0 6.0 5.0 6.0 7.0 6.0 6.0 4.0 5.0 2.0 6.0 6.0 4.0 4.0 7.0 5.0 6.0 4.0 1.0 2.0 1.0 2.0 1.0 2.0 1.0 
'0247' 6.0 6.0 5.0 7.0 5.0 6.0 5.0 5.0 7.0 6.0 4.0 4.0 6.0 5.0 7.0 4.0 5.0 4.0 6.0 7.0 7.0 6.0 4.0 4.0 7.0 6.0 4.0 5.0 4.0 5.0 7.0 5.0 6.0 4.0 4.0 5.0 6.0 6.0 5.0 4.0 5.0 5.0 5.0 4.0 4.0 4.0 5.0 4.0 5.0 7.0 6.0 5.0 6.0 6.0 4.0 6.0 6.0 5.0 5.0 3.0 4.0 4.0 6.0 6.0 7.0 7.0 7.0 6.0 3.0 5.0 2.0 2.0 5.0 5.0 5.0 2.0 
'0250' 4.0 6.0 4.0 7.0 4.0 7.0 5.0 4.0 6.0 7.0 4.0 5.0 7.0 7.0 6.0 1.0 4.0 7.0 6.0 7.0 7.0 5.0 4.0 5.0 4.0 4.0 4.0 6.0 2.0 7.0 4.0 7.0 4.0 4.0 5.0 7.0 7.0 7.0 7.0 5.0 4.0 4.0 5.0 5.0 2.0 4.0 6.0 4.0 5.0 7.0 6.0 7.0 7.0 4.0 6.0 6.0 7.0 7.0 6.0 5.0 3.0 7.0 7.0 4.0 6.0 7.0 6.0 7.0 4.0 4.0 3.0 1.0 3.0 1.0 3.0 1.0 
'0251' 7.0 6.0 6.0 5.0 2.0 6.0 7.0 5.0 6.0 6.0 4.0 5.0 3.0 5.0 5.0 2.0 6.0 6.0 6.0 6.0 4.0 7.0 4.0 5.0 6.0 4.0 1.0 4.0 2.0 5.0 2.0 7.0 7.0 5.0 3.0 7.0 5.0 5.0 4.0 5.0 5.0 2.0 5.0 7.0 4.0 5.0 6.0 3.0 4.0 5.0 5.0 7.0 4.0 3.0 5.0 7.0 4.0 7.0 6.0 2.0 3.0 6.0 7.0 5.0 6.0 5.0 6.0 5.0 3.0 5.0 2.0 1.0 2.0 1.0 2.0 1.0 
'0252' 4.0 5.0 5.0 5.0 3.0 6.0 5.0 4.0 6.0 4.0 4.0 4.0 6.0 5.0 5.0 4.0 4.0 6.0 6.0 4.0 5.0 6.0 5.0 5.0 5.0 5.0 3.0 4.0 3.0 7.0 5.0 6.0 5.0 4.0 3.0 6.0 6.0 6.0 5.0 5.0 5.0 4.0 5.0 5.0 2.0 5.0 5.0 4.0 5.0 6.0 5.0 5.0 5.0 6.0 6.0 5.0 6.0 5.0 7.0 2.0 2.0 5.0 6.0 4.0 4.0 5.0 5.0 5.0 4.0 5.0 3.0 1.0 6.0 4.0 3.0 2.0 
'0253' 5.0 6.0 7.0 5.0 4.0 6.0 4.0 6.0 6.0 6.0 5.0 5.0 6.0 5.0 6.0 3.0 6.0 7.0 7.0 6.0 5.0 6.0 7.0 5.0 7.0 6.0 1.0 6.0 3.0 4.0 6.0 6.0 6.0 4.0 3.0 4.0 3.0 6.0 6.0 5.0 5.0 4.0 5.0 5.0 3.0 7.0 4.0 5.0 6.0 7.0 5.0 5.0 5.0 5.0 5.0 5.0 6.0 5.0 6.0 5.0 3.0 6.0 6.0 6.0 6.0 4.0 7.0 7.0 3.0 3.0 3.0 1.0 6.0 4.0 3.0 2.0 
'0253' 4.0 7.0 4.0 6.0 2.0 6.0 5.0 7.0 6.0 4.0 4.0 3.0 6.0 5.0 6.0 2.0 6.0 4.0 6.0 6.0 5.0 4.0 6.0 4.0 6.0 4.0 5.0 5.0 4.0 5.0 4.0 4.0 6.0 4.0 3.0 6.0 6.0 6.0 5.0 6.0 4.0 2.0 4.0 6.0 4.0 6.0 4.0 3.0 5.0 7.0 5.0 3.0 5.0 4.0 4.0 7.0 5.0 6.0 5.0 4.0 2.0 4.0 6.0 3.0 5.0 4.0 4.0 4.0 2.0 4.0 2.0 3.0 5.0 6.0 8.0 2.0 
'0254' 4.0 7.0 5.0 5.0 4.0 5.0 6.0 6.0 7.0 6.0 4.0 5.0 7.0 5.0 5.0 1.0 6.0 7.0 6.0 5.0 6.0 6.0 7.0 4.0 5.0 3.0 5.0 7.0 1.0 4.0 6.0 6.0 6.0 4.0 4.0 4.0 6.0 6.0 4.0 5.0 4.0 4.0 6.0 6.0 1.0 6.0 4.0 6.0 7.0 7.0 5.0 5.0 5.0 5.0 5.0 6.0 6.0 7.0 6.0 4.0 4.0 4.0 5.0 5.0 6.0 6.0 6.0 4.0 1.0 2.0 3.0 3.0 3.0 3.0 9.0 1.0 
'0257' 4.0 7.0 4.0 7.0 4.0 7.0 7.0 7.0 7.0 5.0 4.0 7.0 7.0 7.0 7.0 1.0 7.0 4.0 7.0 7.0 6.0 7.0 7.0 7.0 7.0 7.0 3.0 7.0 1.0 7.0 7.0 7.0 7.0 5.0 5.0 7.0 6.0 6.0 7.0 7.0 7.0 5.0 6.0 7.0 3.0 7.0 5.0 7.0 7.0 7.0 7.0 7.0 7.0 7.0 7.0 7.0 6.0 6.0 7.0 6.0 1.0 6.0 7.0 7.0 7.0 7.0 6.0 6.0 1.0 7.0 1.0 1.0 4.0 4.0 1.0 2.0 
'0260' 6.0 6.0 7.0 6.0 1.0 6.0 4.0 7.0 7.0 6.0 2.0 2.0 6.0 7.0 6.0 1.0 6.0 7.0 7.0 6.0 7.0 4.0 6.0 6.0 3.0 6.0 5.0 6.0 1.0 5.0 6.0 7.0 4.0 5.0 6.0 5.0 7.0 6.0 6.0 6.0 4.0 2.0 6.0 6.0 1.0 4.0 6.0 2.0 6.0 7.0 6.0 6.0 6.0 6.0 6.0 7.0 6.0 6.0 5.0 6.0 2.0 7.0 6.0 2.0 5.0 5.0 6.0 5.0 1.0 2.0 2.0 1.0 2.0 1.0 2.0 1.0 
'0262' 5.0 6.0 4.0 6.0 4.0 7.0 3.0 7.0 7.0 7.0 5.0 4.0 7.0 7.0 7.0 1.0 7.0 7.0 7.0 7.0 7.0 7.0 7.0 7.0 7.0 7.0 5.0 4.0 1.0 7.0 3.0 7.0 7.0 4.0 3.0 7.0 7.0 7.0 7.0 5.0 4.0 3.0 5.0 7.0 1.0 4.0 5.0 4.0 5.0 7.0 7.0 6.0 7.0 7.0 3.0 7.0 7.0 6.0 7.0 3.0 1.0 5.0 7.0 5.0 7.0 6.0 7.0 5.0 1.0 5.0 3.0 2.0 6.0 5.0 6.0 2.0 
'0262' 4.0 5.0 4.0 4.0 4.0 5.0 6.0 3.0 6.0 4.0 5.0 4.0 6.0 5.0 6.0 3.0 5.0 4.0 7.0 6.0 5.0 4.0 7.0 7.0 5.0 4.0 5.0 5.0 1.0 6.0 4.0 5.0 6.0 4.0 3.0 6.0 6.0 6.0 6.0 6.0 4.0 4.0 6.0 6.0 2.0 6.0 4.0 5.0 5.0 7.0 5.0 4.0 4.0 4.0 2.0 5.0 4.0 7.0 6.0 2.0 3.0 4.0 6.0 6.0 5.0 5.0 4.0 5.0 5.0 5.0 2.0 3.0 5.0 6.0 8.0 2.0 
'0266' 6.0 6.0 5.0 4.0 2.0 5.0 6.0 4.0 6.0 5.0 4.0 3.0 6.0 6.0 6.0 2.0 6.0 6.0 6.0 6.0 5.0 7.0 6.0 6.0 2.0 4.0 1.0 5.0 4.0 4.0 5.0 7.0 7.0 5.0 2.0 6.0 5.0 5.0 5.0 7.0 3.0 4.0 6.0 7.0 2.0 2.0 4.0 4.0 6.0 7.0 6.0 6.0 5.0 5.0 5.0 4.0 5.0 4.0 7.0 4.0 2.0 5.0 5.0 4.0 6.0 6.0 7.0 4.0 3.0 6.0 2.0 2.0 5.0 5.0 5.0 2.0 
'0267' 6.0 5.0 6.0 7.0 2.0 6.0 3.0 6.0 6.0 6.0 7.0 5.0 7.0 6.0 6.0 2.0 6.0 5.0 7.0 7.0 5.0 6.0 6.0 5.0 4.0 6.0 6.0 6.0 1.0 6.0 5.0 6.0 4.0 5.0 5.0 6.0 3.0 6.0 6.0 6.0 5.0 3.0 6.0 6.0 2.0 6.0 4.0 4.0 6.0 7.0 6.0 6.0 5.0 6.0 6.0 7.0 6.0 6.0 6.0 5.0 3.0 5.0 7.0 6.0 6.0 6.0 7.0 5.0 3.0 3.0 3.0 2.0 6.0 5.0 6.0 2.0 
'0270' 7.0 6.0 5.0 7.0 4.0 6.0 4.0 6.0 5.0 5.0 6.0 6.0 7.0 6.0 4.0 4.0 6.0 2.0 7.0 7.0 5.0 6.0 6.0 6.0 6.0 6.0 6.0 6.0 1.0 6.0 6.0 6.0 7.0 3.0 4.0 5.0 2.0 6.0 4.0 5.0 6.0 4.0 6.0 6.0 3.0 7.0 6.0 3.0 6.0 7.0 7.0 7.0 5.0 6.0 6.0 7.0 6.0 6.0 6.0 2.0 2.0 6.0 6.0 6.0 6.0 6.0 6.0 6.0 4.0 3.0 2.0 1.0 5.0 4.0 2.0 2.0 
'0275' 4.0 5.0 5.0 7.0 2.0 6.0 2.0 7.0 7.0 5.0 4.0 2.0 6.0 5.0 5.0 1.0 7.0 4.0 6.0 7.0 3.0 6.0 7.0 5.0 6.0 6.0 3.0 6.0 1.0 7.0 4.0 5.0 5.0 4.0 1.0 7.0 7.0 6.0 4.0 4.0 4.0 4.0 5.0 5.0 1.0 7.0 1.0 6.0 7.0 7.0 6.0 6.0 7.0 6.0 1.0 5.0 4.0 6.0 6.0 4.0 2.0 4.0 7.0 6.0 3.0 6.0 5.0 5.0 3.0 3.0 2.0 1.0 5.0 4.0 2.0 2.0 
'0275' 7.0 7.0 4.0 5.0 4.0 7.0 4.0 7.0 7.0 7.0 6.0 3.0 7.0 3.0 6.0 1.0 7.0 4.0 7.0 7.0 5.0 5.0 1.0 5.0 6.0 4.0 6.0 6.0 1.0 4.0 4.0 7.0 6.0 4.0 1.0 6.0 6.0 6.0 7.0 5.0 4.0 3.0 2.0 6.0 3.0 7.0 2.0 6.0 4.0 7.0 6.0 6.0 6.0 6.0 2.0 7.0 6.0 5.0 7.0 4.0 2.0 4.0 7.0 7.0 6.0 4.0 4.0 6.0 2.0 4.0 2.0 2.0 2.0 2.0 5.0 1.0 
'0276' 1.0 7.0 7.0 7.0 1.0 7.0 6.0 7.0 7.0 6.0 5.0 3.0 7.0 7.0 7.0 1.0 7.0 7.0 7.0 7.0 7.0 7.0 7.0 3.0 1.0 7.0 1.0 7.0 1.0 7.0 7.0 7.0 7.0 1.0 2.0 7.0 7.0 7.0 7.0 6.0 7.0 7.0 7.0 7.0 4.0 7.0 1.0 2.0 7.0 7.0 7.0 7.0 7.0 7.0 7.0 7.0 7.0 7.0 7.0 1.0 1.0 7.0 7.0 7.0 2.0 7.0 2.0 7.0 1.0 1.0 3.0 1.0 3.0 1.0 3.0 1.0 
'0277' 2.0 7.0 4.0 7.0 4.0 7.0 6.0 5.0 7.0 6.0 6.0 2.0 7.0 7.0 7.0 1.0 7.0 6.0 7.0 7.0 6.0 2.0 7.0 7.0 7.0 7.0 7.0 7.0 1.0 7.0 7.0 7.0 7.0 3.0 3.0 7.0 4.0 7.0 4.0 6.0 4.0 2.0 7.0 7.0 1.0 7.0 4.0 4.0 7.0 7.0 7.0 5.0 7.0 7.0 1.0 7.0 4.0 5.0 7.0 4.0 1.0 4.0 7.0 7.0 4.0 7.0 5.0 4.0 1.0 7.0 2.0 1.0 5.0 4.0 2.0 2.0 
'0277' 6.0 6.0 7.0 6.0 2.0 6.0 1.0 6.0 7.0 6.0 3.0 3.0 7.0 5.0 4.0 1.0 6.0 7.0 6.0 7.0 5.0 7.0 7.0 3.0 1.0 7.0 1.0 6.0 2.0 6.0 6.0 7.0 7.0 3.0 2.0 7.0 7.0 6.0 6.0 6.0 2.0 6.0 6.0 6.0 2.0 6.0 6.0 3.0 7.0 7.0 6.0 7.0 7.0 7.0 6.0 7.0 7.0 6.0 6.0 2.0 3.0 7.0 4.0 5.0 6.0 6.0 7.0 5.0 3.0 5.0 3.0 2.0 6.0 5.0 6.0 2.0 
'0280' 5.0 5.0 5.0 5.0 4.0 7.0 6.0 6.0 6.0 6.0 6.0 5.0 7.0 7.0 7.0 2.0 6.0 5.0 6.0 6.0 7.0 6.0 7.0 6.0 6.0 7.0 5.0 5.0 1.0 7.0 6.0 7.0 7.0 5.0 2.0 7.0 3.0 7.0 4.0 6.0 5.0 4.0 5.0 6.0 3.0 5.0 6.0 3.0 6.0 7.0 6.0 6.0 5.0 6.0 6.0 6.0 6.0 6.0 6.0 2.0 2.0 6.0 7.0 5.0 5.0 6.0 5.0 5.0 3.0 5.0 3.0 1.0 3.0 1.0 3.0 1.0 
'0281' 7.0 7.0 7.0 7.0 1.0 7.0 3.0 7.0 7.0 7.0 3.0 5.0 7.0 7.0 7.0 1.0 5.0 7.0 7.0 7.0 5.0 3.0 7.0 7.0 6.0 7.0 3.0 6.0 1.0 7.0 6.0 3.0 7.0 2.0 3.0 7.0 7.0 5.0 4.0 7.0 3.0 2.0 7.0 7.0 1.0 6.0 6.0 4.0 4.0 7.0 7.0 7.0 3.0 4.0 1.0 7.0 7.0 7.0 7.0 2.0 1.0 7.0 6.0 5.0 7.0 7.0 6.0 7.0 1.0 2.0 2.0 3.0 5.0 6.0 8.0 2.0 
'0281' 4.0 5.0 4.0 6.0 3.0 6.0 4.0 5.0 5.0 6.0 4.0 2.0 7.0 7.0 4.0 3.0 6.0 6.0 7.0 7.0 4.0 6.0 7.0 7.0 3.0 6.0 2.0 7.0 1.0 4.0 7.0 6.0 7.0 4.0 4.0 5.0 6.0 4.0 6.0 6.0 4.0 4.0 4.0 7.0 4.0 7.0 5.0 4.0 7.0 7.0 5.0 7.0 7.0 5.0 4.0 4.0 4.0 6.0 5.0 3.0 2.0 6.0 7.0 6.0 7.0 4.0 5.0 4.0 4.0 4.0 3.0 1.0 3.0 1.0 3.0 1.0 
'0282' 4.0 7.0 5.0 4.0 4.0 5.0 6.0 5.0 7.0 6.0 6.0 2.0 5.0 5.0 6.0 2.0 6.0 5.0 6.0 7.0 6.0 6.0 6.0 2.0 5.0 5.0 5.0 6.0 4.0 6.0 4.0 4.0 7.0 4.0 3.0 6.0 5.0 6.0 6.0 5.0 5.0 4.0 5.0 6.0 4.0 5.0 5.0 4.0 5.0 6.0 5.0 5.0 2.0 3.0 5.0 6.0 6.0 3.0 6.0 2.0 3.0 4.0 6.0 7.0 6.0 7.0 5.0 5.0 1.0 5.0 2.0 3.0 2.0 3.0 8.0 1.0 
'0286' 4.0 5.0 4.0 7.0 4.0 5.0 3.0 4.0 6.0 6.0 5.0 5.0 6.0 5.0 6.0 1.0 6.0 4.0 6.0 7.0 6.0 5.0 7.0 5.0 6.0 6.0 4.0 6.0 1.0 7.0 3.0 6.0 5.0 4.0 1.0 6.0 4.0 6.0 5.0 5.0 5.0 1.0 4.0 6.0 1.0 6.0 1.0 4.0 7.0 7.0 5.0 5.0 4.0 5.0 1.0 5.0 5.0 6.0 7.0 4.0 2.0 4.0 7.0 5.0 4.0 5.0 7.0 6.0 1.0 5.0 2.0 2.0 2.0 2.0 5.0 1.0 
'0287' 7.0 5.0 5.0 6.0 4.0 7.0 5.0 5.0 7.0 5.0 5.0 4.0 6.0 5.0 6.0 1.0 7.0 5.0 5.0 7.0 5.0 5.0 6.0 4.0 5.0 7.0 2.0 6.0 1.0 5.0 4.0 7.0 7.0 3.0 2.0 5.0 6.0 6.0 7.0 4.0 4.0 3.0 4.0 4.0 1.0 6.0 5.0 7.0 7.0 7.0 7.0 3.0 5.0 5.0 5.0 5.0 5.0 6.0 7.0 4.0 2.0 5.0 5.0 7.0 4.0 6.0 6.0 5.0 2.0 3.0 1.0 3.0 4.0 6.0 7.0 2.0 
'0288' 4.0 7.0 4.0 6.0 4.0 7.0 5.0 7.0 7.0 4.0 6.0 3.0 7.0 7.0 7.0 1.0 7.0 4.0 7.0 7.0 6.0 6.0 7.0 7.0 6.0 5.0 7.0 6.0 1.0 6.0 6.0 4.0 6.0 4.0 2.0 6.0 7.0 7.0 6.0 5.0 4.0 3.0 6.0 7.0 4.0 7.0 6.0 6.0 6.0 7.0 6.0 6.0 6.0 4.0 5.0 7.0 6.0 5.0 6.0 4.0 1.0 5.0 5.0 6.0 5.0 6.0 5.0 5.0 2.0 4.0 3.0 2.0 6.0 5.0 6.0 2.0 
'0290' 5.0 5.0 3.0 4.0 3.0 5.0 6.0 5.0 5.0 5.0 6.0 5.0 5.0 5.0 4.0 2.0 5.0 4.0 5.0 6.0 5.0 4.0 6.0 4.0 6.0 5.0 1.0 5.0 4.0 4.0 5.0 5.0 7.0 4.0 2.0 5.0 4.0 5.0 4.0 5.0 4.0 4.0 4.0 5.0 4.0 7.0 4.0 5.0 4.0 7.0 5.0 5.0 5.0 5.0 5.0 5.0 4.0 5.0 5.0 2.0 3.0 4.0 7.0 6.0 5.0 6.0 5.0 4.0 2.0 6.0 3.0 3.0 3.0 3.0 9.0 1.0 
'0292' 2.0 5.0 4.0 6.0 2.0 5.0 5.0 5.0 6.0 4.0 5.0 6.0 6.0 5.0 6.0 3.0 6.0 4.0 6.0 4.0 6.0 6.0 6.0 4.0 6.0 5.0 6.0 4.0 7.0 3.0 5.0 5.0 6.0 4.0 1.0 5.0 7.0 7.0 4.0 6.0 3.0 3.0 3.0 6.0 2.0 6.0 2.0 5.0 5.0 7.0 5.0 2.0 6.0 4.0 6.0 5.0 3.0 5.0 6.0 3.0 2.0 4.0 6.0 6.0 5.0 6.0 5.0 3.0 1.0 3.0 3.0 1.0 6.0 4.0 3.0 2.0 
'0294' 4.0 6.0 4.0 6.0 1.0 6.0 4.0 6.0 7.0 4.0 6.0 3.0 7.0 6.0 4.0 1.0 6.0 7.0 7.0 4.0 6.0 5.0 7.0 2.0 6.0 6.0 1.0 4.0 2.0 7.0 7.0 6.0 6.0 4.0 2.0 4.0 2.0 7.0 4.0 6.0 4.0 2.0 5.0 6.0 1.0 4.0 6.0 6.0 7.0 7.0 6.0 7.0 6.0 4.0 6.0 7.0 3.0 5.0 7.0 6.0 1.0 6.0 6.0 6.0 4.0 3.0 6.0 5.0 1.0 2.0 3.0 1.0 6.0 4.0 3.0 2.0 
'0294' 4.0 5.0 5.0 5.0 4.0 7.0 5.0 5.0 6.0 4.0 6.0 3.0 6.0 3.0 5.0 2.0 7.0 4.0 7.0 7.0 6.0 5.0 6.0 4.0 2.0 7.0 1.0 6.0 1.0 4.0 2.0 6.0 7.0 4.0 3.0 5.0 2.0 4.0 6.0 6.0 4.0 4.0 5.0 5.0 3.0 1.0 5.0 3.0 4.0 7.0 5.0 5.0 6.0 4.0 3.0 6.0 5.0 5.0 7.0 2.0 2.0 7.0 6.0 6.0 4.0 7.0 4.0 4.0 2.0 4.0 1.0 1.0 4.0 4.0 1.0 2.0 
'0298' 4.0 5.0 2.0 5.0 3.0 6.0 5.0 5.0 6.0 3.0 5.0 5.0 6.0 5.0 5.0 3.0 6.0 3.0 6.0 5.0 5.0 5.0 5.0 6.0 5.0 5.0 5.0 4.0 2.0 5.0 4.0 5.0 5.0 4.0 3.0 5.0 6.0 5.0 4.0 5.0 5.0 3.0 4.0 5.0 3.0 5.0 5.0 5.0 4.0 6.0 5.0 5.0 4.0 5.0 5.0 6.0 5.0 5.0 6.0 3.0 5.0 2.0 6.0 5.0 4.0 6.0 6.0 4.0 3.0 5.0 2.0 3.0 2.0 3.0 8.0 1.0 
'0300' 6.0 4.0 4.0 4.0 2.0 5.0 6.0 7.0 7.0 5.0 5.0 6.0 6.0 5.0 7.0 1.0 7.0 5.0 7.0 7.0 6.0 7.0 6.0 6.0 7.0 7.0 5.0 6.0 2.0 7.0 7.0 6.0 4.0 2.0 2.0 6.0 7.0 6.0 4.0 6.0 4.0 2.0 3.0 6.0 2.0 6.0 7.0 4.0 7.0 7.0 6.0 5.0 4.0 6.0 6.0 7.0 5.0 6.0 7.0 2.0 1.0 6.0 7.0 5.0 5.0 7.0 6.0 6.0 2.0 5.0 3.0 2.0 3.0 2.0 6.0 1.0 
'0300' 4.0 7.0 5.0 5.0 4.0 4.0 5.0 7.0 7.0 4.0 5.0 4.0 7.0 7.0 7.0 1.0 7.0 4.0 7.0 1.0 5.0 7.0 7.0 6.0 7.0 7.0 1.0 4.0 4.0 7.0 7.0 7.0 4.0 4.0 1.0 4.0 6.0 7.0 5.0 7.0 4.0 4.0 6.0 6.0 1.0 4.0 7.0 3.0 7.0 7.0 4.0 7.0 7.0 7.0 4.0 7.0 6.0 5.0 7.0 1.0 1.0 1.0 5.0 4.0 4.0 4.0 5.0 5.0 1.0 1.0 2.0 1.0 2.0 1.0 2.0 1.0 
'0303' 5.0 7.0 7.0 7.0 3.0 7.0 4.0 7.0 7.0 7.0 6.0 6.0 7.0 6.0 5.0 1.0 7.0 1.0 7.0 7.0 7.0 7.0 7.0 4.0 6.0 4.0 7.0 6.0 1.0 7.0 4.0 4.0 3.0 4.0 1.0 7.0 6.0 7.0 7.0 7.0 2.0 3.0 7.0 6.0 1.0 6.0 4.0 2.0 7.0 7.0 6.0 7.0 7.0 4.0 7.0 7.0 7.0 7.0 7.0 3.0 4.0 1.0 7.0 7.0 6.0 7.0 1.0 5.0 2.0 7.0 1.0 3.0 4.0 6.0 7.0 2.0 
'0304' 4.0 6.0 5.0 5.0 3.0 6.0 3.0 4.0 6.0 6.0 5.0 5.0 6.0 5.0 5.0 2.0 6.0 5.0 6.0 7.0 5.0 5.0 7.0 3.0 6.0 6.0 3.0 5.0 4.0 6.0 5.0 6.0 7.0 4.0 3.0 5.0 7.0 5.0 6.0 6.0 3.0 3.0 5.0 6.0 3.0 7.0 6.0 4.0 6.0 7.0 6.0 6.0 6.0 5.0 4.0 6.0 5.0 6.0 7.0 5.0 3.0 6.0 5.0 6.0 4.0 3.0 6.0 5.0 4.0 5.0 3.0 1.0 3.0 1.0 3.0 1.0 
'0306' 3.0 5.0 6.0 6.0 2.0 5.0 2.0 5.0 6.0 5.0 6.0 6.0 7.0 6.0 6.0 2.0 6.0 5.0 7.0 6.0 4.0 6.0 7.0 4.0 3.0 7.0 5.0 6.0 2.0 5.0 5.0 5.0 5.0 4.0 5.0 5.0 5.0 6.0 7.0 6.0 6.0 4.0 5.0 5.0 2.0 6.0 4.0 6.0 5.0 7.0 3.0 6.0 5.0 7.0 3.0 6.0 5.0 4.0 7.0 2.0 2.0 4.0 5.0 7.0 5.0 5.0 2.0 6.0 2.0 3.0 3.0 2.0 3.0 2.0 6.0 1.0 
'0306' 7.0 6.0 5.0 7.0 1.0 4.0 1.0 5.0 6.0 4.0 7.0 4.0 4.0 4.0 2.0 1.0 7.0 4.0 6.0 7.0 7.0 7.0 7.0 5.0 2.0 3.0 4.0 4.0 1.0 4.0 1.0 7.0 1.0 4.0 4.0 4.0 7.0 4.0 4.0 7.0 4.0 4.0 5.0 4.0 1.0 5.0 7.0 2.0 7.0 7.0 7.0 7.0 7.0 1.0 7.0 6.0 7.0 4.0 6.0 4.0 1.0 6.0 7.0 5.0 4.0 7.0 7.0 5.0 4.0 1.0 2.0 1.0 5.0 4.0 2.0 2.0 
'0309' 6.0 5.0 5.0 6.0 4.0 7.0 4.0 4.0 5.0 5.0 6.0 3.0 7.0 6.0 6.0 2.0 5.0 1.0 7.0 6.0 5.0 4.0 7.0 6.0 6.0 6.0 6.0 5.0 1.0 4.0 2.0 5.0 5.0 5.0 1.0 5.0 7.0 6.0 5.0 7.0 4.0 4.0 5.0 7.0 3.0 5.0 5.0 7.0 4.0 7.0 7.0 6.0 5.0 6.0 4.0 5.0 5.0 6.0 6.0 2.0 2.0 6.0 6.0 6.0 6.0 5.0 5.0 6.0 3.0 5.0 3.0 1.0 3.0 1.0 3.0 1.0 
'0311' 4.0 4.0 4.0 7.0 4.0 7.0 4.0 7.0 7.0 7.0 1.0 7.0 7.0 7.0 7.0 1.0 5.0 4.0 7.0 7.0 5.0 5.0 7.0 7.0 4.0 7.0 1.0 7.0 1.0 7.0 7.0 7.0 7.0 4.0 1.0 7.0 1.0 7.0 7.0 4.0 7.0 1.0 7.0 7.0 1.0 7.0 4.0 4.0 1.0 7.0 7.0 7.0 7.0 4.0 4.0 7.0 7.0 7.0 7.0 4.0 1.0 7.0 7.0 7.0 4.0 7.0 4.0 4.0 4.0 1.0 2.0 2.0 5.0 5.0 5.0 2.0 
'0311' 4.0 6.0 4.0 7.0 1.0 6.0 6.0 7.0 7.0 5.0 5.0 2.0 7.0 5.0 7.0 5.0 7.0 7.0 7.0 7.0 6.0 6.0 7.0 6.0 7.0 7.0 7.0 7.0 1.0 4.0 4.0 4.0 7.0 7.0 1.0 4.0 4.0 7.0 6.0 4.0 2.0 2.0 5.0 7.0 4.0 7.0 4.0 7.0 4.0 7.0 4.0 2.0 4.0 1.0 1.0 7.0 3.0 7.0 7.0 2.0 2.0 5.0 6.0 7.0 7.0 4.0 5.0 2.0 1.0 1.0 2.0 2.0 5.0 5.0 5.0 2.0 
'0313' 4.0 6.0 4.0 7.0 3.0 6.0 4.0 7.0 7.0 5.0 7.0 2.0 7.0 6.0 6.0 2.0 7.0 7.0 6.0 7.0 5.0 7.0 7.0 6.0 7.0 7.0 1.0 6.0 1.0 7.0 7.0 6.0 5.0 4.0 2.0 6.0 2.0 6.0 5.0 6.0 6.0 5.0 4.0 7.0 1.0 7.0 4.0 6.0 7.0 7.0 3.0 7.0 7.0 6.0 6.0 6.0 6.0 3.0 7.0 3.0 1.0 6.0 5.0 7.0 6.0 6.0 7.0 4.0 3.0 5.0 2.0 1.0 5.0 4.0 2.0 2.0 
'0314' 4.0 6.0 6.0 7.0 4.0 7.0 5.0 6.0 7.0 6.0 5.0 5.0 7.0 7.0 7.0 1.0 6.0 7.0 7.0 7.0 6.0 7.0 7.0 1.0 6.0 7.0 1.0 7.0 1.0 6.0 6.0 7.0 5.0 5.0 5.0 7.0 5.0 7.0 4.0 6.0 6.0 3.0 7.0 6.0 3.0 7.0 4.0 2.0 6.0 7.0 7.0 6.0 5.0 6.0 6.0 6.0 6.0 6.0 7.0 3.0 2.0 6.0 6.0 6.0 2.0 7.0 6.0 6.0 1.0 2.0 2.0 2.0 5.0 5.0 5.0 2.0 
'0315' 3.0 4.0 5.0 7.0 4.0 6.0 5.0 7.0 7.0 2.0 5.0 6.0 6.0 3.0 5.0 3.0 4.0 4.0 6.0 6.0 7.0 5.0 6.0 4.0 6.0 4.0 3.0 6.0 4.0 6.0 5.0 3.0 6.0 4.0 4.0 5.0 1.0 7.0 6.0 7.0 4.0 4.0 4.0 6.0 4.0 4.0 3.0 3.0 3.0 7.0 3.0 3.0 2.0 3.0 3.0 3.0 5.0 5.0 5.0 3.0 2.0 3.0 5.0 5.0 6.0 4.0 1.0 5.0 1.0 5.0 3.0 1.0 6.0 4.0 3.0 2.0 
'0316' 5.0 7.0 4.0 7.0 5.0 6.0 5.0 6.0 7.0 6.0 4.0 5.0 7.0 6.0 5.0 4.0 6.0 4.0 6.0 7.0 4.0 5.0 7.0 6.0 5.0 5.0 5.0 5.0 5.0 5.0 5.0 5.0 6.0 4.0 3.0 6.0 5.0 4.0 5.0 6.0 7.0 6.0 5.0 7.0 4.0 7.0 5.0 4.0 6.0 5.0 7.0 6.0 6.0 6.0 6.0 7.0 6.0 7.0 5.0 5.0 4.0 5.0 6.0 5.0 6.0 5.0 6.0 6.0 5.0 5.0 3.0 1.0 3.0 1.0 3.0 1.0 
'0316' 5.0 7.0 6.0 6.0 4.0 7.0 6.0 4.0 7.0 7.0 4.0 5.0 7.0 6.0 5.0 1.0 7.0 4.0 7.0 7.0 6.0 7.0 7.0 6.0 2.0 7.0 1.0 6.0 1.0 6.0 5.0 6.0 5.0 5.0 4.0 6.0 5.0 7.0 6.0 7.0 6.0 7.0 6.0 7.0 4.0 7.0 6.0 5.0 7.0 7.0 6.0 6.0 7.0 5.0 7.0 7.0 7.0 6.0 7.0 4.0 1.0 6.0 5.0 4.0 5.0 7.0 5.0 6.0 4.0 7.0 1.0 1.0 1.0 1.0 1.0 1.0 
'0317' 1.0 5.0 4.0 6.0 4.0 7.0 6.0 7.0 6.0 5.0 7.0 5.0 7.0 7.0 7.0 1.0 7.0 7.0 7.0 6.0 5.0 7.0 6.0 6.0 7.0 3.0 4.0 6.0 2.0 4.0 4.0 5.0 5.0 4.0 1.0 5.0 1.0 5.0 4.0 7.0 2.0 3.0 1.0 6.0 1.0 6.0 1.0 7.0 7.0 7.0 3.0 7.0 6.0 7.0 6.0 4.0 6.0 5.0 6.0 3.0 4.0 4.0 6.0 7.0 4.0 3.0 7.0 6.0 4.0 4.0 2.0 2.0 2.0 2.0 5.0 1.0 
'0318' 5.0 6.0 6.0 6.0 4.0 7.0 6.0 4.0 5.0 6.0 3.0 5.0 6.0 5.0 6.0 2.0 5.0 6.0 6.0 6.0 5.0 6.0 6.0 6.0 6.0 6.0 3.0 5.0 2.0 6.0 5.0 7.0 5.0 5.0 3.0 6.0 6.0 6.0 5.0 6.0 5.0 4.0 6.0 5.0 2.0 5.0 6.0 6.0 5.0 7.0 6.0 7.0 6.0 6.0 5.0 7.0 7.0 7.0 6.0 4.0 3.0 7.0 6.0 3.0 5.0 5.0 6.0 6.0 2.0 5.0 3.0 1.0 3.0 1.0 3.0 1.0 
'0319' 4.0 6.0 6.0 6.0 2.0 6.0 6.0 5.0 7.0 5.0 6.0 5.0 6.0 7.0 4.0 3.0 7.0 5.0 5.0 6.0 5.0 6.0 5.0 4.0 6.0 6.0 1.0 4.0 1.0 5.0 4.0 6.0 6.0 4.0 3.0 7.0 6.0 4.0 6.0 6.0 4.0 3.0 4.0 5.0 1.0 6.0 2.0 6.0 4.0 7.0 5.0 6.0 4.0 4.0 7.0 6.0 6.0 7.0 7.0 4.0 1.0 6.0 6.0 7.0 4.0 6.0 5.0 5.0 1.0 6.0 2.0 2.0 2.0 2.0 5.0 1.0 
'0320' 2.0 4.0 7.0 6.0 2.0 6.0 2.0 5.0 7.0 5.0 4.0 3.0 6.0 6.0 5.0 1.0 5.0 7.0 7.0 7.0 7.0 5.0 7.0 4.0 2.0 6.0 5.0 5.0 2.0 4.0 4.0 4.0 2.0 5.0 3.0 7.0 7.0 6.0 4.0 6.0 5.0 4.0 5.0 4.0 1.0 5.0 4.0 1.0 6.0 7.0 6.0 5.0 6.0 5.0 3.0 7.0 7.0 6.0 5.0 2.0 2.0 7.0 7.0 2.0 5.0 6.0 7.0 5.0 1.0 2.0 3.0 1.0 6.0 4.0 3.0 2.0 
'0320' 7.0 6.0 7.0 7.0 1.0 5.0 6.0 7.0 6.0 7.0 5.0 5.0 6.0 5.0 7.0 3.0 7.0 4.0 6.0 7.0 5.0 3.0 7.0 7.0 7.0 7.0 3.0 5.0 1.0 4.0 5.0 4.0 5.0 6.0 2.0 6.0 2.0 6.0 6.0 7.0 4.0 4.0 4.0 7.0 1.0 7.0 5.0 4.0 5.0 7.0 6.0 7.0 5.0 5.0 5.0 4.0 7.0 4.0 5.0 4.0 4.0 3.0 7.0 5.0 7.0 6.0 2.0 4.0 4.0 3.0 1.0 1.0 4.0 4.0 1.0 2.0 
'0321' 3.0 6.0 7.0 4.0 4.0 6.0 4.0 7.0 6.0 4.0 7.0 2.0 7.0 6.0 5.0 1.0 7.0 7.0 7.0 7.0 7.0 7.0 5.0 4.0 4.0 7.0 5.0 4.0 1.0 7.0 6.0 6.0 7.0 4.0 3.0 4.0 7.0 4.0 6.0 7.0 2.0 4.0 7.0 4.0 1.0 7.0 5.0 7.0 7.0 7.0 7.0 6.0 6.0 4.0 3.0 7.0 3.0 4.0 7.0 2.0 1.0 7.0 1.0 7.0 4.0 7.0 4.0 4.0 5.0 6.0 1.0 3.0 1.0 3.0 7.0 1.0 
'0321' 4.0 7.0 7.0 5.0 4.0 5.0 4.0 7.0 6.0 4.0 4.0 4.0 7.0 7.0 5.0 1.0 6.0 4.0 6.0 4.0 6.0 5.0 7.0 4.0 4.0 7.0 1.0 5.0 4.0 4.0 6.0 6.0 5.0 4.0 3.0 7.0 2.0 7.0 4.0 6.0 6.0 4.0 5.0 7.0 4.0 5.0 4.0 3.0 6.0 7.0 7.0 6.0 7.0 7.0 6.0 7.0 6.0 6.0 7.0 5.0 3.0 4.0 7.0 5.0 7.0 4.0 3.0 7.0 3.0 3.0 3.0 1.0 6.0 4.0 3.0 2.0 
'0321' 4.0 5.0 4.0 7.0 4.0 6.0 3.0 5.0 6.0 5.0 4.0 4.0 7.0 6.0 4.0 2.0 5.0 4.0 6.0 7.0 6.0 5.0 7.0 1.0 6.0 7.0 5.0 5.0 1.0 6.0 5.0 7.0 4.0 4.0 3.0 5.0 7.0 6.0 4.0 6.0 3.0 4.0 3.0 5.0 4.0 3.0 4.0 5.0 6.0 7.0 6.0 5.0 5.0 5.0 3.0 5.0 6.0 5.0 7.0 4.0 2.0 4.0 7.0 5.0 3.0 6.0 6.0 4.0 2.0 5.0 1.0 3.0 4.0 6.0 7.0 2.0 
'0325' 6.0 7.0 7.0 5.0 1.0 6.0 3.0 3.0 7.0 5.0 4.0 5.0 6.0 6.0 6.0 2.0 6.0 7.0 6.0 7.0 7.0 5.0 7.0 3.0 4.0 5.0 5.0 7.0 1.0 7.0 5.0 4.0 5.0 3.0 3.0 5.0 7.0 7.0 6.0 6.0 6.0 5.0 7.0 6.0 2.0 7.0 5.0 4.0 4.0 7.0 7.0 5.0 6.0 6.0 3.0 7.0 7.0 7.0 5.0 4.0 3.0 6.0 5.0 2.0 5.0 5.0 6.0 7.0 2.0 2.0 3.0 1.0 3.0 1.0 3.0 1.0 
'0326' 4.0 4.0 6.0 6.0 3.0 6.0 6.0 7.0 6.0 6.0 6.0 5.0 7.0 6.0 6.0 5.0 7.0 7.0 6.0 7.0 7.0 6.0 7.0 6.0 7.0 6.0 6.0 6.0 1.0 4.0 4.0 5.0 5.0 6.0 3.0 6.0 7.0 7.0 6.0 6.0 5.0 3.0 6.0 6.0 4.0 6.0 3.0 7.0 3.0 7.0 4.0 5.0 5.0 6.0 6.0 4.0 7.0 7.0 7.0 5.0 4.0 6.0 6.0 6.0 6.0 5.0 7.0 5.0 4.0 5.0 2.0 3.0 5.0 6.0 8.0 2.0 
'0327' 6.0 6.0 6.0 6.0 1.0 7.0 4.0 4.0 7.0 6.0 6.0 6.0 7.0 7.0 6.0 2.0 6.0 6.0 7.0 7.0 7.0 6.0 7.0 6.0 4.0 7.0 7.0 7.0 1.0 6.0 5.0 7.0 4.0 4.0 5.0 7.0 5.0 6.0 4.0 7.0 6.0 5.0 6.0 7.0 4.0 7.0 6.0 4.0 6.0 7.0 6.0 6.0 7.0 6.0 6.0 6.0 7.0 6.0 7.0 6.0 2.0 6.0 7.0 6.0 6.0 7.0 6.0 6.0 1.0 5.0 3.0 3.0 3.0 3.0 9.0 1.0 
'0328' 5.0 7.0 4.0 6.0 4.0 4.0 5.0 5.0 3.0 6.0 5.0 6.0 7.0 6.0 5.0 2.0 6.0 4.0 7.0 7.0 7.0 6.0 6.0 6.0 5.0 5.0 6.0 2.0 4.0 7.0 6.0 6.0 5.0 3.0 2.0 6.0 7.0 6.0 4.0 6.0 6.0 4.0 7.0 5.0 4.0 7.0 7.0 6.0 6.0 6.0 6.0 7.0 7.0 5.0 6.0 7.0 5.0 6.0 6.0 5.0 1.0 7.0 6.0 6.0 4.0 6.0 6.0 7.0 1.0 6.0 1.0 2.0 1.0 2.0 4.0 1.0 
'0330' 4.0 5.0 4.0 5.0 5.0 5.0 5.0 4.0 7.0 4.0 4.0 5.0 7.0 5.0 5.0 3.0 6.0 4.0 6.0 6.0 3.0 5.0 7.0 5.0 6.0 6.0 6.0 4.0 4.0 7.0 7.0 7.0 5.0 4.0 2.0 6.0 1.0 5.0 4.0 6.0 5.0 4.0 4.0 5.0 4.0 6.0 4.0 4.0 6.0 7.0 3.0 5.0 4.0 6.0 2.0 4.0 4.0 5.0 5.0 4.0 3.0 4.0 6.0 6.0 4.0 4.0 6.0 3.0 4.0 5.0 2.0 1.0 2.0 1.0 2.0 1.0 
'0331' 5.0 7.0 7.0 7.0 5.0 7.0 5.0 5.0 7.0 5.0 7.0 6.0 7.0 7.0 7.0 1.0 6.0 7.0 7.0 7.0 6.0 6.0 7.0 6.0 2.0 7.0 1.0 7.0 1.0 7.0 5.0 7.0 7.0 3.0 3.0 7.0 7.0 6.0 5.0 5.0 5.0 6.0 5.0 5.0 3.0 7.0 6.0 6.0 7.0 7.0 6.0 7.0 7.0 7.0 7.0 7.0 7.0 7.0 7.0 3.0 3.0 7.0 3.0 7.0 5.0 7.0 1.0 7.0 2.0 3.0 1.0 1.0 4.0 4.0 1.0 2.0 
'0332' 3.0 7.0 4.0 6.0 1.0 7.0 2.0 6.0 7.0 4.0 4.0 4.0 7.0 6.0 5.0 1.0 4.0 6.0 7.0 7.0 3.0 7.0 7.0 5.0 5.0 5.0 1.0 5.0 1.0 7.0 6.0 4.0 6.0 4.0 4.0 7.0 7.0 7.0 6.0 4.0 4.0 2.0 6.0 5.0 4.0 5.0 4.0 4.0 7.0 7.0 5.0 7.0 7.0 5.0 5.0 7.0 5.0 5.0 5.0 4.0 2.0 6.0 5.0 4.0 7.0 6.0 5.0 6.0 1.0 1.0 2.0 1.0 2.0 1.0 2.0 1.0 
'0333' 6.0 5.0 5.0 7.0 4.0 7.0 4.0 6.0 7.0 7.0 4.0 6.0 7.0 6.0 5.0 1.0 6.0 7.0 7.0 7.0 7.0 7.0 7.0 4.0 6.0 5.0 2.0 5.0 1.0 4.0 7.0 7.0 6.0 4.0 1.0 5.0 6.0 7.0 4.0 6.0 5.0 4.0 7.0 6.0 4.0 6.0 4.0 4.0 7.0 7.0 7.0 6.0 7.0 5.0 7.0 7.0 7.0 6.0 7.0 1.0 3.0 4.0 6.0 5.0 6.0 4.0 6.0 4.0 1.0 1.0 3.0 1.0 3.0 1.0 3.0 1.0 
'0334' 6.0 7.0 7.0 7.0 3.0 7.0 7.0 7.0 7.0 7.0 7.0 6.0 7.0 7.0 7.0 1.0 7.0 4.0 7.0 7.0 7.0 7.0 7.0 7.0 7.0 7.0 7.0 4.0 1.0 7.0 5.0 7.0 4.0 4.0 2.0 7.0 6.0 6.0 6.0 5.0 5.0 4.0 5.0 7.0 3.0 7.0 5.0 7.0 7.0 7.0 4.0 7.0 7.0 5.0 4.0 6.0 7.0 7.0 7.0 4.0 4.0 7.0 7.0 7.0 7.0 7.0 4.0 6.0 4.0 7.0 2.0 1.0 2.0 1.0 2.0 1.0 
'0334' 4.0 6.0 5.0 7.0 4.0 6.0 7.0 6.0 7.0 4.0 3.0 6.0 5.0 7.0 5.0 3.0 7.0 5.0 7.0 7.0 4.0 5.0 7.0 4.0 6.0 7.0 5.0 5.0 1.0 7.0 5.0 7.0 7.0 4.0 2.0 5.0 3.0 7.0 6.0 5.0 4.0 4.0 6.0 6.0 4.0 7.0 4.0 6.0 6.0 7.0 7.0 5.0 5.0 4.0 3.0 4.0 5.0 5.0 7.0 2.0 1.0 5.0 5.0 7.0 5.0 6.0 3.0 5.0 1.0 4.0 1.0 1.0 1.0 1.0 1.0 1.0 
'0334' 4.0 5.0 6.0 5.0 4.0 6.0 5.0 4.0 6.0 6.0 4.0 5.0 6.0 5.0 6.0 2.0 5.0 6.0 6.0 4.0 6.0 6.0 6.0 5.0 6.0 5.0 2.0 6.0 3.0 7.0 6.0 7.0 6.0 4.0 4.0 5.0 7.0 6.0 4.0 5.0 3.0 4.0 5.0 6.0 4.0 6.0 6.0 4.0 5.0 7.0 6.0 7.0 6.0 5.0 5.0 6.0 5.0 5.0 5.0 3.0 2.0 6.0 6.0 5.0 6.0 4.0 6.0 6.0 2.0 5.0 3.0 3.0 3.0 3.0 9.0 1.0 
'0334' 4.0 5.0 6.0 4.0 4.0 4.0 4.0 5.0 7.0 4.0 4.0 5.0 6.0 5.0 5.0 2.0 5.0 7.0 7.0 4.0 5.0 6.0 4.0 3.0 4.0 4.0 4.0 4.0 4.0 6.0 7.0 7.0 4.0 4.0 4.0 5.0 6.0 6.0 4.0 5.0 5.0 4.0 5.0 5.0 4.0 4.0 6.0 6.0 7.0 7.0 6.0 7.0 5.0 6.0 5.0 6.0 4.0 5.0 7.0 2.0 3.0 5.0 6.0 6.0 4.0 4.0 5.0 6.0 4.0 5.0 3.0 1.0 3.0 1.0 3.0 1.0 
'0335' 4.0 6.0 4.0 7.0 1.0 5.0 4.0 4.0 6.0 4.0 6.0 4.0 5.0 7.0 4.0 6.0 6.0 1.0 7.0 7.0 6.0 5.0 7.0 6.0 1.0 4.0 6.0 6.0 1.0 7.0 4.0 3.0 6.0 4.0 5.0 4.0 6.0 3.0 4.0 5.0 5.0 1.0 5.0 4.0 1.0 6.0 5.0 6.0 7.0 1.0 6.0 6.0 5.0 6.0 6.0 5.0 4.0 5.0 6.0 5.0 4.0 1.0 7.0 4.0 2.0 5.0 1.0 6.0 4.0 6.0 1.0 1.0 1.0 1.0 1.0 1.0 
'0335' 5.0 6.0 6.0 4.0 3.0 6.0 5.0 5.0 7.0 6.0 6.0 4.0 7.0 6.0 6.0 3.0 7.0 5.0 7.0 6.0 5.0 6.0 7.0 7.0 6.0 7.0 6.0 6.0 2.0 6.0 6.0 6.0 6.0 4.0 3.0 7.0 7.0 6.0 4.0 7.0 6.0 3.0 7.0 7.0 2.0 6.0 5.0 6.0 6.0 7.0 6.0 6.0 6.0 6.0 4.0 7.0 6.0 6.0 7.0 4.0 2.0 5.0 6.0 6.0 7.0 6.0 5.0 6.0 2.0 7.0 2.0 3.0 2.0 3.0 8.0 1.0 
'0335' 6.0 5.0 5.0 5.0 2.0 5.0 4.0 4.0 5.0 5.0 4.0 4.0 6.0 6.0 5.0 4.0 5.0 4.0 6.0 5.0 6.0 5.0 5.0 4.0 5.0 4.0 4.0 5.0 3.0 5.0 5.0 6.0 6.0 2.0 2.0 6.0 6.0 6.0 4.0 5.0 6.0 4.0 5.0 5.0 4.0 5.0 4.0 5.0 5.0 5.0 5.0 6.0 5.0 5.0 5.0 5.0 6.0 6.0 4.0 3.0 4.0 4.0 6.0 5.0 5.0 6.0 4.0 5.0 4.0 3.0 2.0 3.0 2.0 3.0 8.0 1.0 
'0337' 5.0 5.0 6.0 7.0 3.0 6.0 3.0 7.0 6.0 6.0 5.0 5.0 7.0 5.0 6.0 2.0 6.0 6.0 6.0 5.0 6.0 6.0 6.0 6.0 3.0 7.0 2.0 5.0 2.0 4.0 3.0 7.0 3.0 4.0 2.0 6.0 6.0 6.0 5.0 6.0 6.0 6.0 6.0 6.0 3.0 5.0 6.0 2.0 5.0 7.0 6.0 6.0 3.0 6.0 7.0 5.0 6.0 6.0 6.0 3.0 2.0 6.0 6.0 5.0 6.0 6.0 7.0 6.0 2.0 5.0 3.0 1.0 3.0 1.0 3.0 1.0 
'0338' 7.0 5.0 7.0 6.0 5.0 6.0 4.0 7.0 6.0 7.0 4.0 5.0 7.0 6.0 7.0 2.0 5.0 7.0 6.0 3.0 5.0 6.0 6.0 6.0 5.0 5.0 6.0 6.0 2.0 6.0 5.0 7.0 6.0 4.0 3.0 6.0 3.0 7.0 4.0 6.0 5.0 5.0 6.0 7.0 2.0 6.0 4.0 3.0 5.0 7.0 2.0 4.0 7.0 6.0 5.0 7.0 5.0 6.0 5.0 3.0 2.0 7.0 5.0 5.0 6.0 6.0 3.0 6.0 2.0 6.0 3.0 1.0 6.0 4.0 3.0 2.0 
'0340' 4.0 7.0 6.0 7.0 3.0 7.0 5.0 6.0 7.0 6.0 5.0 6.0 7.0 7.0 7.0 1.0 6.0 6.0 7.0 7.0 6.0 7.0 7.0 3.0 7.0 7.0 6.0 6.0 1.0 7.0 6.0 6.0 6.0 5.0 1.0 7.0 5.0 7.0 7.0 7.0 2.0 2.0 5.0 7.0 1.0 7.0 6.0 6.0 7.0 7.0 7.0 5.0 6.0 5.0 6.0 7.0 7.0 6.0 7.0 5.0 1.0 5.0 7.0 7.0 6.0 7.0 6.0 5.0 1.0 5.0 1.0 3.0 1.0 3.0 7.0 1.0 
'0340' 4.0 6.0 4.0 7.0 2.0 6.0 5.0 4.0 6.0 7.0 4.0 7.0 7.0 7.0 6.0 2.0 5.0 4.0 6.0 7.0 7.0 6.0 7.0 2.0 7.0 7.0 2.0 5.0 1.0 5.0 6.0 7.0 6.0 5.0 3.0 7.0 5.0 7.0 5.0 6.0 7.0 3.0 5.0 7.0 2.0 7.0 5.0 6.0 5.0 7.0 6.0 7.0 6.0 7.0 7.0 6.0 7.0 7.0 7.0 2.0 1.0 4.0 7.0 6.0 6.0 6.0 6.0 5.0 1.0 5.0 2.0 2.0 5.0 5.0 5.0 2.0 
'0340' 1.0 7.0 5.0 5.0 4.0 4.0 6.0 7.0 6.0 5.0 3.0 4.0 7.0 7.0 6.0 1.0 7.0 4.0 7.0 7.0 5.0 7.0 7.0 5.0 6.0 7.0 1.0 6.0 1.0 4.0 4.0 5.0 4.0 2.0 1.0 5.0 7.0 6.0 4.0 5.0 4.0 2.0 3.0 6.0 1.0 4.0 3.0 4.0 5.0 7.0 6.0 5.0 4.0 4.0 3.0 7.0 4.0 7.0 6.0 1.0 2.0 4.0 6.0 6.0 5.0 6.0 6.0 4.0 1.0 4.0 1.0 3.0 4.0 6.0 7.0 2.0 
'0341' 4.0 7.0 4.0 6.0 2.0 5.0 6.0 5.0 7.0 7.0 6.0 7.0 7.0 5.0 5.0 5.0 7.0 4.0 7.0 7.0 5.0 7.0 1.0 6.0 5.0 7.0 7.0 6.0 1.0 4.0 7.0 7.0 7.0 4.0 6.0 4.0 5.0 4.0 5.0 7.0 4.0 4.0 4.0 6.0 4.0 7.0 4.0 7.0 7.0 7.0 5.0 7.0 7.0 1.0 6.0 5.0 3.0 4.0 7.0 4.0 1.0 4.0 5.0 7.0 6.0 7.0 7.0 4.0 5.0 7.0 1.0 1.0 1.0 1.0 1.0 1.0 
'0341' 3.0 6.0 6.0 2.0 3.0 6.0 4.0 5.0 5.0 6.0 4.0 5.0 7.0 6.0 7.0 1.0 6.0 7.0 7.0 6.0 3.0 7.0 7.0 1.0 5.0 4.0 1.0 6.0 1.0 7.0 7.0 7.0 6.0 3.0 3.0 6.0 7.0 6.0 4.0 7.0 4.0 4.0 7.0 2.0 3.0 7.0 6.0 3.0 6.0 7.0 7.0 7.0 6.0 5.0 5.0 7.0 5.0 7.0 6.0 3.0 2.0 6.0 5.0 5.0 1.0 5.0 6.0 5.0 1.0 2.0 3.0 2.0 3.0 2.0 6.0 1.0 
'0342' 3.0 5.0 4.0 7.0 2.0 6.0 3.0 5.0 7.0 5.0 5.0 4.0 6.0 6.0 5.0 2.0 6.0 4.0 6.0 3.0 6.0 5.0 6.0 4.0 3.0 3.0 3.0 4.0 1.0 4.0 5.0 6.0 5.0 3.0 3.0 6.0 4.0 5.0 4.0 4.0 5.0 6.0 5.0 4.0 2.0 4.0 4.0 2.0 6.0 7.0 5.0 6.0 6.0 5.0 4.0 5.0 5.0 6.0 3.0 4.0 4.0 4.0 4.0 3.0 5.0 4.0 5.0 3.0 4.0 2.0 2.0 1.0 5.0 4.0 2.0 2.0 
'0342' 6.0 6.0 4.0 4.0 3.0 6.0 5.0 5.0 6.0 6.0 5.0 4.0 6.0 5.0 5.0 1.0 5.0 5.0 5.0 5.0 5.0 5.0 6.0 5.0 2.0 5.0 4.0 5.0 2.0 5.0 5.0 5.0 4.0 4.0 2.0 5.0 6.0 6.0 5.0 6.0 4.0 4.0 5.0 4.0 4.0 6.0 5.0 5.0 5.0 7.0 5.0 6.0 6.0 5.0 6.0 5.0 5.0 6.0 5.0 4.0 3.0 5.0 5.0 5.0 4.0 7.0 5.0 5.0 2.0 5.0 3.0 2.0 3.0 2.0 6.0 1.0 
'0343' 7.0 6.0 6.0 4.0 2.0 7.0 5.0 7.0 6.0 5.0 6.0 4.0 5.0 3.0 3.0 3.0 6.0 4.0 5.0 6.0 5.0 5.0 6.0 2.0 7.0 6.0 2.0 6.0 1.0 5.0 4.0 5.0 6.0 4.0 3.0 4.0 4.0 6.0 5.0 5.0 4.0 4.0 5.0 6.0 4.0 6.0 5.0 4.0 6.0 7.0 6.0 6.0 6.0 3.0 4.0 6.0 4.0 6.0 6.0 2.0 2.0 5.0 6.0 6.0 5.0 7.0 6.0 4.0 2.0 5.0 2.0 1.0 2.0 1.0 2.0 1.0 
'0344' 4.0 6.0 6.0 7.0 1.0 7.0 3.0 6.0 7.0 2.0 6.0 4.0 6.0 5.0 6.0 1.0 7.0 5.0 6.0 7.0 1.0 6.0 7.0 1.0 3.0 6.0 5.0 6.0 1.0 5.0 7.0 6.0 6.0 4.0 2.0 6.0 5.0 5.0 4.0 6.0 6.0 3.0 5.0 7.0 1.0 1.0 4.0 5.0 7.0 7.0 6.0 7.0 7.0 5.0 7.0 6.0 6.0 1.0 6.0 1.0 1.0 7.0 6.0 7.0 5.0 7.0 4.0 3.0 1.0 6.0 3.0 1.0 6.0 4.0 3.0 2.0 
'0344' 4.0 6.0 4.0 7.0 4.0 5.0 6.0 3.0 7.0 5.0 7.0 1.0 7.0 7.0 6.0 2.0 7.0 4.0 7.0 7.0 6.0 7.0 5.0 7.0 4.0 7.0 2.0 5.0 3.0 7.0 3.0 1.0 7.0 6.0 2.0 5.0 6.0 4.0 4.0 7.0 6.0 4.0 5.0 7.0 2.0 7.0 1.0 7.0 4.0 7.0 7.0 1.0 4.0 6.0 2.0 6.0 4.0 6.0 7.0 3.0 1.0 2.0 7.0 7.0 4.0 5.0 1.0 6.0 4.0 7.0 1.0 3.0 1.0 3.0 7.0 1.0 
'0345' 3.0 6.0 6.0 5.0 2.0 5.0 5.0 5.0 6.0 4.0 5.0 5.0 7.0 5.0 6.0 3.0 6.0 7.0 7.0 5.0 5.0 5.0 6.0 4.0 4.0 6.0 5.0 6.0 2.0 5.0 5.0 5.0 5.0 4.0 6.0 5.0 5.0 4.0 4.0 5.0 4.0 3.0 5.0 4.0 2.0 5.0 5.0 4.0 6.0 7.0 6.0 5.0 5.0 6.0 4.0 6.0 6.0 4.0 6.0 4.0 2.0 4.0 6.0 6.0 5.0 7.0 5.0 5.0 3.0 2.0 2.0 2.0 2.0 2.0 5.0 1.0 
'0345' 4.0 5.0 4.0 7.0 2.0 6.0 7.0 5.0 7.0 4.0 4.0 3.0 7.0 3.0 6.0 1.0 7.0 4.0 7.0 6.0 5.0 7.0 3.0 5.0 3.0 3.0 3.0 7.0 1.0 7.0 4.0 4.0 7.0 4.0 3.0 5.0 6.0 6.0 5.0 6.0 4.0 3.0 5.0 7.0 2.0 5.0 3.0 6.0 7.0 7.0 5.0 3.0 7.0 6.0 5.0 5.0 5.0 5.0 7.0 1.0 1.0 4.0 6.0 7.0 7.0 7.0 3.0 4.0 1.0 3.0 1.0 1.0 1.0 1.0 1.0 1.0 
'0346' 4.0 6.0 6.0 4.0 4.0 6.0 6.0 6.0 4.0 5.0 7.0 6.0 7.0 2.0 6.0 1.0 7.0 4.0 7.0 7.0 7.0 7.0 7.0 5.0 5.0 7.0 4.0 6.0 1.0 7.0 6.0 6.0 4.0 4.0 1.0 7.0 6.0 6.0 6.0 7.0 6.0 3.0 3.0 6.0 1.0 7.0 4.0 5.0 7.0 7.0 4.0 6.0 7.0 6.0 7.0 7.0 6.0 6.0 7.0 5.0 1.0 6.0 7.0 7.0 4.0 7.0 2.0 6.0 1.0 6.0 2.0 3.0 5.0 6.0 8.0 2.0 
'0346' 2.0 6.0 6.0 7.0 2.0 6.0 5.0 7.0 7.0 5.0 6.0 1.0 6.0 7.0 5.0 1.0 4.0 6.0 7.0 7.0 6.0 5.0 7.0 6.0 3.0 7.0 7.0 6.0 1.0 6.0 6.0 6.0 7.0 4.0 1.0 5.0 5.0 7.0 6.0 5.0 3.0 2.0 4.0 7.0 1.0 6.0 4.0 6.0 5.0 7.0 6.0 3.0 5.0 4.0 3.0 7.0 5.0 4.0 6.0 2.0 2.0 7.0 5.0 6.0 6.0 5.0 5.0 4.0 2.0 1.0 1.0 1.0 4.0 4.0 1.0 2.0 
'0346' 4.0 5.0 5.0 7.0 4.0 5.0 5.0 6.0 3.0 6.0 5.0 4.0 4.0 5.0 4.0 1.0 5.0 5.0 6.0 2.0 4.0 6.0 6.0 4.0 4.0 5.0 5.0 4.0 1.0 4.0 4.0 4.0 4.0 4.0 2.0 6.0 6.0 5.0 3.0 2.0 4.0 4.0 4.0 6.0 3.0 4.0 4.0 3.0 4.0 5.0 5.0 4.0 4.0 3.0 6.0 4.0 5.0 5.0 5.0 4.0 3.0 5.0 6.0 5.0 5.0 6.0 5.0 5.0 2.0 2.0 3.0 1.0 6.0 4.0 3.0 2.0 
'0347' 5.0 4.0 4.0 3.0 1.0 5.0 3.0 3.0 5.0 6.0 6.0 2.0 7.0 6.0 4.0 1.0 6.0 4.0 6.0 6.0 3.0 6.0 6.0 2.0 7.0 6.0 5.0 3.0 1.0 6.0 6.0 5.0 3.0 2.0 2.0 6.0 5.0 7.0 5.0 5.0 4.0 2.0 5.0 3.0 2.0 5.0 4.0 6.0 3.0 6.0 7.0 6.0 2.0 4.0 3.0 4.0 5.0 5.0 6.0 2.0 1.0 4.0 5.0 6.0 4.0 4.0 4.0 4.0 1.0 2.0 2.0 2.0 5.0 5.0 5.0 2.0 
'0348' 5.0 6.0 7.0 2.0 1.0 6.0 2.0 7.0 5.0 7.0 7.0 5.0 7.0 7.0 6.0 1.0 7.0 4.0 7.0 4.0 7.0 6.0 4.0 2.0 6.0 5.0 2.0 5.0 1.0 4.0 6.0 4.0 4.0 1.0 1.0 6.0 7.0 7.0 6.0 7.0 5.0 4.0 3.0 2.0 1.0 7.0 5.0 6.0 4.0 7.0 5.0 7.0 7.0 5.0 6.0 4.0 6.0 7.0 7.0 4.0 1.0 3.0 6.0 7.0 4.0 1.0 5.0 5.0 1.0 4.0 2.0 2.0 2.0 2.0 5.0 1.0 
'0348' 7.0 5.0 7.0 3.0 2.0 5.0 5.0 3.0 5.0 6.0 7.0 6.0 6.0 5.0 6.0 5.0 5.0 4.0 5.0 4.0 7.0 7.0 1.0 5.0 6.0 7.0 5.0 4.0 1.0 4.0 6.0 5.0 3.0 5.0 3.0 7.0 7.0 6.0 4.0 7.0 6.0 3.0 1.0 5.0 1.0 3.0 6.0 6.0 6.0 5.0 5.0 5.0 6.0 6.0 6.0 6.0 7.0 7.0 5.0 5.0 3.0 6.0 7.0 7.0 5.0 7.0 5.0 5.0 4.0 5.0 2.0 2.0 5.0 5.0 5.0 2.0 
'0349' 4.0 5.0 4.0 6.0 4.0 6.0 6.0 6.0 7.0 5.0 6.0 5.0 7.0 6.0 5.0 5.0 7.0 4.0 7.0 7.0 3.0 6.0 7.0 7.0 5.0 7.0 5.0 5.0 1.0 6.0 6.0 7.0 5.0 4.0 2.0 5.0 4.0 6.0 5.0 6.0 4.0 4.0 3.0 6.0 2.0 6.0 3.0 7.0 6.0 6.0 6.0 3.0 6.0 5.0 2.0 5.0 6.0 6.0 7.0 4.0 1.0 4.0 5.0 6.0 6.0 6.0 7.0 6.0 2.0 7.0 1.0 1.0 1.0 1.0 1.0 1.0 
'0350' 7.0 7.0 4.0 7.0 7.0 3.0 7.0 6.0 6.0 7.0 6.0 6.0 4.0 6.0 6.0 6.0 7.0 1.0 7.0 7.0 7.0 3.0 1.0 3.0 6.0 1.0 7.0 3.0 6.0 7.0 7.0 6.0 7.0 6.0 1.0 7.0 3.0 7.0 6.0 7.0 3.0 1.0 1.0 2.0 7.0 7.0 7.0 6.0 7.0 7.0 3.0 7.0 6.0 5.0 6.0 7.0 1.0 7.0 7.0 2.0 7.0 1.0 6.0 7.0 2.0 7.0 1.0 4.0 1.0 6.0 2.0 3.0 2.0 3.0 8.0 1.0 
'0350' 4.0 7.0 4.0 7.0 1.0 7.0 6.0 7.0 7.0 7.0 6.0 7.0 7.0 7.0 6.0 1.0 7.0 6.0 7.0 7.0 7.0 7.0 7.0 5.0 4.0 7.0 6.0 7.0 1.0 7.0 7.0 4.0 7.0 4.0 3.0 6.0 4.0 7.0 7.0 7.0 5.0 2.0 6.0 7.0 3.0 7.0 4.0 7.0 6.0 7.0 7.0 5.0 7.0 2.0 6.0 6.0 7.0 7.0 7.0 3.0 1.0 5.0 6.0 7.0 7.0 7.0 6.0 6.0 1.0 6.0 2.0 2.0 2.0 2.0 5.0 1.0 
'0350' 5.0 7.0 4.0 6.0 4.0 7.0 6.0 7.0 7.0 5.0 4.0 3.0 7.0 5.0 4.0 1.0 7.0 4.0 7.0 7.0 6.0 7.0 6.0 7.0 7.0 7.0 4.0 5.0 1.0 6.0 4.0 7.0 7.0 4.0 1.0 5.0 7.0 7.0 4.0 7.0 5.0 2.0 5.0 7.0 1.0 7.0 3.0 5.0 4.0 7.0 7.0 7.0 5.0 4.0 4.0 6.0 7.0 5.0 7.0 4.0 1.0 4.0 7.0 7.0 6.0 5.0 5.0 5.0 1.0 6.0 2.0 1.0 2.0 1.0 2.0 1.0 
'0350' 4.0 4.0 6.0 6.0 4.0 6.0 4.0 4.0 6.0 4.0 4.0 4.0 6.0 6.0 4.0 2.0 6.0 6.0 6.0 6.0 4.0 6.0 6.0 4.0 6.0 4.0 1.0 4.0 2.0 6.0 7.0 4.0 6.0 4.0 4.0 4.0 6.0 6.0 4.0 4.0 4.0 4.0 4.0 6.0 4.0 6.0 4.0 6.0 4.0 7.0 6.0 6.0 6.0 4.0 4.0 4.0 4.0 4.0 6.0 4.0 3.0 4.0 6.0 6.0 4.0 4.0 4.0 4.0 4.0 4.0 2.0 3.0 2.0 3.0 8.0 1.0 
'0351' 6.0 6.0 5.0 7.0 2.0 7.0 7.0 7.0 7.0 4.0 7.0 3.0 6.0 6.0 7.0 1.0 6.0 4.0 6.0 7.0 6.0 6.0 7.0 1.0 7.0 6.0 6.0 6.0 1.0 7.0 5.0 4.0 7.0 4.0 2.0 6.0 6.0 7.0 4.0 5.0 4.0 3.0 5.0 6.0 3.0 7.0 5.0 3.0 7.0 7.0 6.0 7.0 7.0 6.0 2.0 6.0 3.0 6.0 7.0 3.0 3.0 4.0 6.0 7.0 6.0 7.0 5.0 7.0 1.0 5.0 1.0 3.0 4.0 6.0 7.0 2.0 
'0351' 3.0 6.0 4.0 6.0 2.0 7.0 6.0 6.0 6.0 6.0 7.0 5.0 7.0 6.0 6.0 3.0 7.0 4.0 7.0 7.0 7.0 7.0 7.0 6.0 7.0 6.0 6.0 5.0 1.0 7.0 7.0 6.0 7.0 5.0 3.0 6.0 6.0 7.0 5.0 7.0 5.0 2.0 5.0 7.0 3.0 7.0 5.0 6.0 7.0 7.0 6.0 7.0 7.0 6.0 6.0 6.0 7.0 5.0 7.0 3.0 1.0 4.0 5.0 7.0 7.0 7.0 5.0 6.0 1.0 7.0 2.0 1.0 5.0 4.0 2.0 2.0 
'0352' 1.0 6.0 4.0 7.0 1.0 2.0 4.0 5.0 7.0 6.0 4.0 3.0 6.0 4.0 4.0 1.0 3.0 4.0 7.0 7.0 1.0 6.0 4.0 4.0 4.0 4.0 1.0 5.0 1.0 7.0 7.0 5.0 5.0 4.0 1.0 5.0 4.0 2.0 4.0 4.0 4.0 3.0 5.0 5.0 1.0 7.0 7.0 4.0 7.0 7.0 2.0 5.0 7.0 4.0 7.0 5.0 7.0 2.0 5.0 2.0 3.0 4.0 4.0 4.0 5.0 6.0 4.0 7.0 1.0 6.0 1.0 2.0 1.0 2.0 4.0 1.0 
'0353' 4.0 6.0 4.0 6.0 1.0 5.0 4.0 4.0 5.0 5.0 6.0 5.0 5.0 6.0 5.0 2.0 6.0 4.0 6.0 6.0 5.0 6.0 6.0 5.0 6.0 6.0 3.0 5.0 3.0 7.0 6.0 6.0 4.0 3.0 3.0 5.0 5.0 4.0 5.0 5.0 4.0 4.0 5.0 5.0 3.0 6.0 5.0 5.0 7.0 7.0 6.0 6.0 6.0 5.0 5.0 5.0 5.0 5.0 7.0 4.0 4.0 5.0 5.0 6.0 4.0 4.0 5.0 5.0 2.0 5.0 1.0 2.0 4.0 5.0 4.0 2.0 
'0355' 3.0 6.0 7.0 7.0 1.0 6.0 6.0 7.0 7.0 6.0 6.0 2.0 6.0 6.0 7.0 1.0 6.0 5.0 7.0 7.0 6.0 5.0 7.0 7.0 5.0 7.0 5.0 6.0 1.0 5.0 5.0 6.0 7.0 5.0 2.0 6.0 7.0 7.0 6.0 6.0 5.0 2.0 5.0 7.0 3.0 6.0 5.0 6.0 1.0 7.0 6.0 5.0 6.0 5.0 1.0 5.0 5.0 5.0 7.0 3.0 3.0 5.0 5.0 7.0 7.0 7.0 5.0 5.0 2.0 2.0 2.0 1.0 2.0 1.0 2.0 1.0 
'0355' 4.0 5.0 4.0 4.0 4.0 7.0 2.0 4.0 7.0 6.0 6.0 4.0 7.0 6.0 5.0 4.0 7.0 5.0 7.0 7.0 4.0 5.0 5.0 4.0 4.0 4.0 4.0 5.0 4.0 7.0 4.0 7.0 4.0 4.0 4.0 7.0 4.0 4.0 7.0 5.0 4.0 4.0 6.0 7.0 4.0 6.0 4.0 7.0 4.0 6.0 7.0 5.0 5.0 6.0 4.0 5.0 7.0 6.0 6.0 4.0 4.0 5.0 7.0 7.0 4.0 4.0 7.0 5.0 4.0 4.0 3.0 3.0 3.0 3.0 9.0 1.0 
'0363' 4.0 5.0 4.0 6.0 4.0 7.0 6.0 6.0 7.0 3.0 7.0 6.0 6.0 6.0 6.0 3.0 7.0 4.0 6.0 7.0 6.0 5.0 7.0 6.0 6.0 4.0 6.0 5.0 4.0 6.0 4.0 5.0 7.0 4.0 2.0 5.0 6.0 6.0 5.0 5.0 5.0 3.0 7.0 7.0 5.0 5.0 4.0 6.0 4.0 6.0 5.0 5.0 4.0 4.0 6.0 7.0 6.0 6.0 6.0 2.0 2.0 4.0 6.0 6.0 6.0 7.0 4.0 5.0 2.0 6.0 2.0 2.0 2.0 2.0 5.0 1.0 
'0363' 7.0 5.0 7.0 4.0 2.0 6.0 3.0 6.0 5.0 4.0 5.0 4.0 7.0 6.0 7.0 3.0 6.0 7.0 6.0 6.0 5.0 6.0 7.0 6.0 6.0 5.0 7.0 6.0 1.0 4.0 4.0 6.0 6.0 4.0 4.0 7.0 7.0 7.0 4.0 4.0 4.0 3.0 6.0 4.0 2.0 7.0 7.0 4.0 4.0 7.0 6.0 6.0 4.0 5.0 4.0 6.0 6.0 5.0 6.0 4.0 2.0 6.0 6.0 6.0 5.0 6.0 5.0 4.0 2.0 4.0 3.0 2.0 6.0 5.0 6.0 2.0 
'0364' 7.0 6.0 6.0 2.0 4.0 6.0 2.0 6.0 7.0 6.0 6.0 7.0 7.0 6.0 6.0 2.0 6.0 7.0 7.0 5.0 6.0 7.0 7.0 2.0 6.0 7.0 5.0 7.0 2.0 7.0 7.0 6.0 3.0 3.0 5.0 7.0 4.0 6.0 6.0 6.0 4.0 6.0 7.0 4.0 2.0 3.0 7.0 6.0 7.0 7.0 6.0 6.0 6.0 6.0 7.0 5.0 6.0 6.0 5.0 3.0 2.0 5.0 7.0 6.0 4.0 7.0 6.0 4.0 1.0 6.0 3.0 1.0 6.0 4.0 3.0 2.0 
'0365' 7.0 5.0 7.0 6.0 4.0 7.0 5.0 6.0 7.0 7.0 2.0 5.0 7.0 7.0 7.0 3.0 5.0 7.0 6.0 7.0 6.0 7.0 7.0 7.0 6.0 5.0 5.0 6.0 4.0 5.0 4.0 7.0 7.0 4.0 5.0 6.0 7.0 7.0 6.0 7.0 4.0 4.0 7.0 7.0 3.0 7.0 7.0 1.0 7.0 7.0 7.0 7.0 5.0 7.0 4.0 7.0 7.0 7.0 7.0 3.0 4.0 7.0 6.0 3.0 7.0 7.0 7.0 4.0 4.0 5.0 1.0 3.0 4.0 6.0 7.0 2.0 
'0365' 4.0 6.0 6.0 6.0 3.0 6.0 5.0 6.0 7.0 6.0 4.0 4.0 7.0 6.0 6.0 6.0 6.0 7.0 6.0 6.0 5.0 6.0 6.0 6.0 6.0 6.0 6.0 4.0 2.0 7.0 6.0 6.0 5.0 5.0 3.0 5.0 5.0 4.0 5.0 6.0 3.0 4.0 4.0 4.0 2.0 4.0 5.0 4.0 7.0 7.0 6.0 5.0 6.0 3.0 4.0 6.0 6.0 4.0 6.0 3.0 2.0 6.0 5.0 5.0 4.0 4.0 4.0 3.0 3.0 5.0 2.0 2.0 5.0 5.0 5.0 2.0 
'0365' 2.0 6.0 4.0 7.0 1.0 7.0 6.0 5.0 6.0 5.0 4.0 4.0 7.0 6.0 6.0 2.0 7.0 3.0 7.0 6.0 2.0 6.0 6.0 6.0 6.0 6.0 1.0 4.0 1.0 6.0 4.0 5.0 3.0 4.0 5.0 6.0 5.0 3.0 4.0 6.0 6.0 4.0 5.0 6.0 2.0 5.0 5.0 4.0 6.0 7.0 7.0 6.0 6.0 6.0 6.0 7.0 5.0 6.0 6.0 5.0 4.0 5.0 7.0 4.0 7.0 4.0 5.0 6.0 2.0 7.0 2.0 1.0 2.0 1.0 2.0 1.0 
'0366' 3.0 6.0 6.0 7.0 2.0 7.0 6.0 5.0 7.0 5.0 6.0 6.0 7.0 1.0 5.0 5.0 6.0 6.0 7.0 7.0 6.0 7.0 7.0 4.0 7.0 4.0 4.0 6.0 1.0 4.0 6.0 5.0 5.0 3.0 1.0 4.0 4.0 7.0 4.0 6.0 5.0 4.0 2.0 4.0 2.0 7.0 6.0 6.0 6.0 7.0 3.0 4.0 5.0 5.0 5.0 6.0 4.0 4.0 5.0 3.0 2.0 4.0 7.0 6.0 4.0 5.0 4.0 6.0 2.0 5.0 3.0 1.0 6.0 4.0 3.0 2.0 
'0368' 2.0 6.0 7.0 5.0 5.0 7.0 1.0 6.0 6.0 4.0 5.0 6.0 7.0 7.0 4.0 1.0 2.0 4.0 7.0 6.0 6.0 6.0 7.0 6.0 7.0 6.0 1.0 6.0 3.0 3.0 5.0 7.0 5.0 2.0 2.0 6.0 7.0 6.0 4.0 7.0 4.0 2.0 7.0 5.0 4.0 6.0 6.0 5.0 4.0 6.0 7.0 7.0 5.0 7.0 6.0 7.0 7.0 6.0 6.0 3.0 1.0 4.0 6.0 5.0 5.0 5.0 7.0 5.0 1.0 3.0 3.0 1.0 6.0 4.0 3.0 2.0 
'0369' 4.0 4.0 7.0 5.0 4.0 5.0 4.0 4.0 7.0 4.0 5.0 4.0 7.0 5.0 4.0 4.0 6.0 4.0 7.0 7.0 7.0 5.0 5.0 4.0 4.0 6.0 6.0 5.0 4.0 4.0 4.0 7.0 4.0 4.0 1.0 4.0 7.0 7.0 4.0 4.0 4.0 4.0 6.0 4.0 4.0 6.0 5.0 4.0 4.0 7.0 3.0 4.0 4.0 4.0 4.0 4.0 4.0 5.0 6.0 4.0 1.0 4.0 4.0 5.0 4.0 4.0 4.0 6.0 4.0 2.0 3.0 2.0 3.0 2.0 6.0 1.0 
'0369' 4.0 5.0 4.0 7.0 1.0 6.0 2.0 5.0 7.0 5.0 5.0 4.0 6.0 6.0 5.0 1.0 6.0 4.0 6.0 6.0 5.0 5.0 6.0 5.0 5.0 6.0 2.0 5.0 1.0 7.0 4.0 4.0 5.0 4.0 2.0 6.0 6.0 7.0 5.0 3.0 3.0 3.0 6.0 5.0 3.0 6.0 4.0 5.0 5.0 7.0 6.0 6.0 5.0 4.0 5.0 6.0 5.0 6.0 6.0 4.0 1.0 4.0 6.0 5.0 5.0 5.0 6.0 5.0 1.0 2.0 2.0 2.0 5.0 5.0 5.0 2.0 
'0369' 7.0 7.0 7.0 7.0 1.0 7.0 1.0 7.0 7.0 7.0 1.0 6.0 7.0 7.0 4.0 1.0 1.0 7.0 7.0 7.0 7.0 7.0 2.0 7.0 7.0 1.0 6.0 4.0 1.0 4.0 4.0 7.0 7.0 1.0 1.0 4.0 6.0 7.0 1.0 7.0 3.0 4.0 7.0 7.0 1.0 5.0 7.0 1.0 6.0 7.0 6.0 7.0 7.0 1.0 6.0 7.0 6.0 7.0 7.0 5.0 3.0 7.0 7.0 1.0 7.0 7.0 7.0 5.0 2.0 1.0 2.0 3.0 5.0 6.0 8.0 2.0 
'0371' 6.0 4.0 7.0 6.0 1.0 5.0 3.0 6.0 4.0 5.0 6.0 2.0 6.0 5.0 7.0 2.0 7.0 5.0 7.0 7.0 6.0 6.0 6.0 6.0 6.0 6.0 6.0 5.0 1.0 5.0 5.0 5.0 6.0 4.0 1.0 7.0 7.0 7.0 6.0 6.0 3.0 2.0 5.0 7.0 1.0 5.0 5.0 5.0 5.0 5.0 6.0 7.0 5.0 2.0 3.0 6.0 7.0 6.0 7.0 2.0 1.0 5.0 7.0 7.0 6.0 7.0 2.0 6.0 2.0 6.0 2.0 1.0 2.0 1.0 2.0 1.0 
'0371' 6.0 6.0 4.0 4.0 3.0 6.0 2.0 1.0 7.0 1.0 7.0 3.0 5.0 1.0 6.0 1.0 6.0 4.0 7.0 4.0 4.0 5.0 7.0 1.0 2.0 4.0 2.0 6.0 7.0 1.0 1.0 4.0 6.0 4.0 1.0 2.0 1.0 6.0 5.0 2.0 7.0 4.0 2.0 2.0 4.0 6.0 6.0 1.0 2.0 6.0 1.0 6.0 2.0 6.0 5.0 6.0 7.0 2.0 7.0 4.0 1.0 6.0 6.0 6.0 2.0 6.0 7.0 4.0 1.0 1.0 2.0 2.0 5.0 5.0 5.0 2.0 
'0372' 7.0 6.0 2.0 7.0 4.0 7.0 6.0 7.0 7.0 7.0 7.0 2.0 7.0 7.0 6.0 5.0 7.0 4.0 7.0 7.0 2.0 7.0 6.0 6.0 7.0 7.0 7.0 6.0 1.0 7.0 7.0 6.0 7.0 6.0 1.0 6.0 5.0 6.0 7.0 4.0 5.0 2.0 2.0 5.0 1.0 6.0 6.0 6.0 7.0 7.0 7.0 7.0 7.0 4.0 5.0 7.0 2.0 1.0 7.0 2.0 1.0 5.0 6.0 7.0 5.0 7.0 7.0 6.0 1.0 7.0 2.0 3.0 5.0 6.0 8.0 2.0 
'0372' 5.0 7.0 7.0 4.0 2.0 7.0 1.0 4.0 6.0 5.0 4.0 6.0 7.0 6.0 7.0 2.0 4.0 7.0 7.0 4.0 7.0 6.0 6.0 4.0 4.0 6.0 4.0 4.0 1.0 4.0 4.0 7.0 4.0 4.0 3.0 7.0 7.0 7.0 4.0 6.0 5.0 4.0 5.0 4.0 4.0 3.0 4.0 4.0 4.0 7.0 6.0 5.0 4.0 4.0 2.0 7.0 6.0 7.0 6.0 4.0 1.0 7.0 7.0 4.0 5.0 4.0 5.0 5.0 2.0 4.0 3.0 1.0 6.0 4.0 3.0 2.0 
'0373' 6.0 6.0 4.0 6.0 2.0 6.0 5.0 6.0 6.0 7.0 6.0 4.0 6.0 6.0 6.0 3.0 6.0 4.0 7.0 6.0 6.0 6.0 5.0 6.0 7.0 5.0 6.0 6.0 2.0 6.0 6.0 4.0 6.0 6.0 2.0 6.0 6.0 6.0 6.0 5.0 4.0 3.0 4.0 6.0 3.0 7.0 6.0 4.0 5.0 7.0 5.0 6.0 6.0 5.0 4.0 6.0 6.0 6.0 6.0 2.0 2.0 6.0 6.0 6.0 7.0 6.0 5.0 4.0 1.0 6.0 2.0 3.0 5.0 6.0 8.0 2.0 
'0373' 3.0 6.0 4.0 6.0 4.0 6.0 5.0 5.0 5.0 5.0 6.0 5.0 6.0 6.0 6.0 3.0 7.0 4.0 5.0 3.0 6.0 7.0 6.0 5.0 6.0 6.0 2.0 5.0 1.0 5.0 7.0 7.0 5.0 4.0 3.0 7.0 6.0 5.0 6.0 5.0 4.0 4.0 6.0 6.0 4.0 3.0 5.0 7.0 7.0 7.0 5.0 7.0 6.0 6.0 6.0 5.0 5.0 5.0 6.0 5.0 2.0 7.0 4.0 7.0 5.0 6.0 6.0 5.0 4.0 6.0 3.0 2.0 3.0 2.0 6.0 1.0 
'0373' 7.0 7.0 6.0 5.0 7.0 6.0 7.0 7.0 3.0 7.0 6.0 4.0 7.0 6.0 7.0 5.0 7.0 4.0 7.0 5.0 7.0 7.0 3.0 7.0 7.0 5.0 7.0 6.0 4.0 7.0 6.0 5.0 7.0 5.0 4.0 5.0 7.0 7.0 7.0 5.0 4.0 4.0 5.0 7.0 7.0 2.0 6.0 4.0 7.0 7.0 6.0 4.0 6.0 6.0 5.0 5.0 5.0 6.0 7.0 4.0 1.0 5.0 7.0 7.0 7.0 7.0 5.0 5.0 3.0 6.0 2.0 3.0 5.0 6.0 8.0 2.0 
'0374' 4.0 7.0 4.0 6.0 2.0 6.0 6.0 5.0 7.0 6.0 7.0 4.0 4.0 6.0 4.0 6.0 7.0 4.0 6.0 4.0 4.0 7.0 6.0 4.0 4.0 7.0 6.0 7.0 5.0 4.0 2.0 5.0 7.0 7.0 5.0 4.0 4.0 5.0 7.0 4.0 5.0 4.0 7.0 6.0 2.0 7.0 7.0 6.0 7.0 7.0 6.0 5.0 5.0 4.0 4.0 7.0 6.0 6.0 6.0 2.0 1.0 4.0 5.0 7.0 7.0 7.0 7.0 4.0 1.0 5.0 3.0 1.0 6.0 4.0 3.0 2.0 
'0374' 7.0 6.0 5.0 4.0 4.0 6.0 6.0 5.0 6.0 6.0 6.0 7.0 7.0 6.0 7.0 3.0 5.0 7.0 6.0 7.0 6.0 7.0 7.0 4.0 2.0 7.0 6.0 5.0 2.0 7.0 4.0 7.0 7.0 4.0 5.0 7.0 6.0 6.0 7.0 7.0 5.0 6.0 6.0 7.0 2.0 6.0 4.0 6.0 6.0 7.0 6.0 7.0 5.0 7.0 5.0 7.0 4.0 7.0 7.0 3.0 2.0 6.0 7.0 4.0 6.0 7.0 7.0 7.0 3.0 5.0 1.0 3.0 1.0 3.0 7.0 1.0 
'0374' 5.0 5.0 4.0 4.0 3.0 5.0 4.0 4.0 6.0 5.0 4.0 3.0 5.0 3.0 5.0 3.0 5.0 5.0 5.0 6.0 5.0 5.0 5.0 3.0 3.0 4.0 5.0 5.0 2.0 5.0 5.0 5.0 5.0 3.0 3.0 5.0 5.0 5.0 4.0 5.0 4.0 3.0 5.0 5.0 3.0 6.0 5.0 4.0 5.0 5.0 5.0 5.0 6.0 5.0 5.0 5.0 6.0 5.0 5.0 3.0 3.0 4.0 5.0 3.0 5.0 6.0 5.0 4.0 2.0 5.0 3.0 3.0 6.0 6.0 9.0 2.0 
'0375' 4.0 6.0 5.0 5.0 2.0 5.0 5.0 6.0 6.0 4.0 6.0 5.0 7.0 5.0 4.0 2.0 6.0 5.0 7.0 5.0 6.0 6.0 6.0 4.0 6.0 6.0 1.0 4.0 2.0 6.0 6.0 5.0 6.0 5.0 2.0 5.0 5.0 7.0 5.0 6.0 6.0 3.0 5.0 5.0 1.0 6.0 5.0 5.0 5.0 7.0 6.0 5.0 6.0 5.0 6.0 5.0 6.0 6.0 6.0 3.0 2.0 4.0 5.0 6.0 4.0 6.0 5.0 6.0 2.0 5.0 1.0 3.0 1.0 3.0 7.0 1.0 
'0375' 7.0 4.0 6.0 7.0 1.0 6.0 4.0 4.0 7.0 4.0 4.0 4.0 7.0 5.0 7.0 1.0 5.0 4.0 7.0 6.0 4.0 6.0 5.0 4.0 5.0 1.0 2.0 4.0 1.0 7.0 5.0 6.0 4.0 4.0 3.0 7.0 7.0 6.0 4.0 4.0 4.0 4.0 5.0 4.0 1.0 1.0 4.0 4.0 7.0 7.0 6.0 5.0 7.0 4.0 4.0 4.0 6.0 6.0 7.0 3.0 2.0 4.0 7.0 6.0 4.0 7.0 4.0 5.0 1.0 7.0 2.0 3.0 5.0 6.0 8.0 2.0 
'0375' 5.0 7.0 4.0 7.0 1.0 7.0 6.0 7.0 7.0 5.0 6.0 2.0 7.0 6.0 7.0 1.0 7.0 5.0 7.0 7.0 5.0 7.0 5.0 6.0 6.0 7.0 1.0 7.0 1.0 6.0 6.0 6.0 7.0 6.0 5.0 7.0 3.0 6.0 7.0 6.0 5.0 2.0 6.0 6.0 1.0 6.0 5.0 6.0 7.0 7.0 7.0 6.0 7.0 6.0 6.0 7.0 7.0 6.0 5.0 1.0 1.0 4.0 6.0 7.0 7.0 7.0 6.0 4.0 1.0 5.0 2.0 1.0 5.0 4.0 2.0 2.0 
'0376' 4.0 6.0 4.0 6.0 4.0 6.0 4.0 5.0 7.0 4.0 6.0 3.0 7.0 5.0 5.0 1.0 6.0 5.0 7.0 6.0 6.0 6.0 6.0 5.0 7.0 6.0 5.0 4.0 1.0 7.0 6.0 5.0 6.0 4.0 7.0 7.0 5.0 7.0 5.0 6.0 4.0 4.0 4.0 6.0 4.0 7.0 4.0 5.0 5.0 7.0 6.0 2.0 6.0 5.0 5.0 6.0 5.0 3.0 6.0 4.0 1.0 4.0 4.0 6.0 5.0 7.0 4.0 6.0 2.0 5.0 2.0 3.0 2.0 3.0 8.0 1.0 
'0376' 4.0 5.0 4.0 7.0 4.0 5.0 4.0 5.0 7.0 6.0 4.0 4.0 6.0 6.0 4.0 2.0 6.0 4.0 7.0 6.0 7.0 5.0 6.0 5.0 6.0 6.0 3.0 5.0 3.0 7.0 7.0 5.0 6.0 4.0 3.0 4.0 5.0 6.0 5.0 4.0 4.0 4.0 4.0 6.0 4.0 6.0 4.0 5.0 5.0 7.0 5.0 5.0 6.0 4.0 4.0 6.0 5.0 5.0 6.0 4.0 3.0 5.0 4.0 5.0 4.0 4.0 5.0 4.0 1.0 6.0 1.0 1.0 4.0 4.0 1.0 2.0 
'0377' 4.0 7.0 7.0 7.0 1.0 7.0 1.0 7.0 7.0 5.0 5.0 5.0 7.0 7.0 7.0 1.0 6.0 5.0 7.0 7.0 3.0 7.0 7.0 3.0 7.0 5.0 1.0 5.0 1.0 4.0 7.0 7.0 4.0 1.0 3.0 7.0 7.0 7.0 5.0 3.0 5.0 2.0 7.0 5.0 1.0 6.0 4.0 2.0 7.0 7.0 5.0 7.0 7.0 5.0 5.0 7.0 6.0 6.0 1.0 3.0 1.0 6.0 7.0 5.0 4.0 6.0 4.0 7.0 1.0 2.0 3.0 2.0 3.0 2.0 6.0 1.0 
'0378' 4.0 6.0 6.0 7.0 1.0 7.0 3.0 6.0 7.0 5.0 4.0 5.0 7.0 6.0 5.0 1.0 5.0 7.0 7.0 4.0 5.0 6.0 7.0 4.0 4.0 5.0 1.0 5.0 1.0 6.0 7.0 4.0 4.0 4.0 4.0 5.0 7.0 7.0 4.0 5.0 5.0 4.0 6.0 5.0 4.0 6.0 6.0 2.0 7.0 7.0 7.0 5.0 2.0 3.0 6.0 6.0 6.0 6.0 7.0 3.0 1.0 7.0 7.0 5.0 5.0 7.0 5.0 5.0 1.0 5.0 3.0 2.0 6.0 5.0 6.0 2.0 
'0378' 2.0 6.0 4.0 5.0 4.0 5.0 4.0 3.0 6.0 5.0 6.0 6.0 6.0 5.0 7.0 6.0 5.0 5.0 6.0 7.0 6.0 7.0 5.0 6.0 7.0 4.0 6.0 5.0 2.0 7.0 7.0 7.0 6.0 4.0 2.0 6.0 7.0 6.0 4.0 7.0 2.0 2.0 2.0 5.0 3.0 6.0 7.0 5.0 7.0 7.0 5.0 7.0 7.0 6.0 7.0 6.0 3.0 5.0 7.0 3.0 1.0 4.0 5.0 6.0 5.0 6.0 7.0 6.0 2.0 7.0 3.0 3.0 3.0 3.0 9.0 1.0 
'0378' 2.0 7.0 4.0 7.0 4.0 5.0 6.0 5.0 7.0 4.0 6.0 6.0 7.0 7.0 5.0 5.0 7.0 7.0 7.0 6.0 3.0 5.0 3.0 6.0 6.0 7.0 6.0 6.0 6.0 7.0 5.0 6.0 7.0 4.0 2.0 7.0 5.0 5.0 6.0 7.0 4.0 3.0 3.0 7.0 1.0 5.0 4.0 4.0 6.0 7.0 6.0 7.0 5.0 6.0 6.0 7.0 5.0 6.0 7.0 4.0 1.0 3.0 3.0 7.0 7.0 6.0 3.0 5.0 5.0 7.0 2.0 2.0 2.0 2.0 5.0 1.0 
'0379' 4.0 7.0 6.0 5.0 3.0 7.0 5.0 5.0 6.0 6.0 5.0 5.0 7.0 6.0 6.0 1.0 7.0 5.0 7.0 5.0 7.0 7.0 7.0 6.0 6.0 7.0 6.0 5.0 1.0 7.0 7.0 6.0 7.0 3.0 3.0 6.0 5.0 7.0 3.0 7.0 5.0 1.0 5.0 6.0 3.0 6.0 7.0 5.0 7.0 7.0 6.0 6.0 7.0 5.0 7.0 7.0 7.0 6.0 7.0 4.0 1.0 5.0 6.0 7.0 6.0 7.0 3.0 5.0 1.0 6.0 2.0 1.0 2.0 1.0 2.0 1.0 
'0379' 3.0 5.0 3.0 5.0 3.0 4.0 5.0 4.0 6.0 6.0 4.0 5.0 7.0 5.0 5.0 2.0 5.0 3.0 7.0 6.0 3.0 5.0 5.0 5.0 5.0 5.0 6.0 5.0 3.0 5.0 5.0 5.0 5.0 4.0 3.0 5.0 5.0 4.0 4.0 5.0 4.0 4.0 5.0 5.0 4.0 5.0 5.0 5.0 5.0 5.0 5.0 5.0 5.0 4.0 5.0 6.0 4.0 5.0 6.0 4.0 3.0 3.0 4.0 5.0 5.0 5.0 4.0 5.0 3.0 5.0 2.0 3.0 2.0 3.0 8.0 1.0 
'0380' 4.0 5.0 5.0 3.0 2.0 4.0 4.0 4.0 5.0 4.0 3.0 4.0 5.0 3.0 6.0 1.0 6.0 6.0 5.0 4.0 5.0 4.0 5.0 4.0 4.0 5.0 2.0 4.0 1.0 6.0 4.0 5.0 4.0 3.0 2.0 5.0 4.0 6.0 4.0 4.0 4.0 4.0 5.0 4.0 2.0 4.0 5.0 4.0 6.0 6.0 5.0 7.0 5.0 4.0 5.0 6.0 4.0 5.0 5.0 3.0 2.0 6.0 6.0 4.0 5.0 4.0 5.0 4.0 3.0 3.0 3.0 2.0 6.0 5.0 6.0 2.0 
'0380' 6.0 1.0 5.0 1.0 1.0 5.0 7.0 4.0 6.0 4.0 1.0 1.0 7.0 5.0 1.0 6.0 6.0 4.0 7.0 7.0 6.0 4.0 7.0 4.0 7.0 7.0 6.0 7.0 2.0 1.0 4.0 5.0 7.0 7.0 1.0 4.0 2.0 7.0 7.0 5.0 2.0 1.0 4.0 7.0 2.0 6.0 7.0 4.0 2.0 6.0 6.0 6.0 5.0 1.0 4.0 5.0 2.0 4.0 7.0 5.0 4.0 1.0 4.0 1.0 4.0 4.0 6.0 6.0 7.0 1.0 2.0 2.0 5.0 5.0 5.0 2.0 
'0385' 5.0 5.0 4.0 6.0 5.0 6.0 6.0 6.0 6.0 5.0 5.0 3.0 7.0 5.0 5.0 2.0 6.0 6.0 6.0 6.0 6.0 6.0 6.0 6.0 6.0 5.0 6.0 5.0 4.0 4.0 6.0 4.0 5.0 4.0 2.0 5.0 5.0 7.0 5.0 6.0 4.0 4.0 4.0 5.0 4.0 5.0 5.0 4.0 6.0 7.0 6.0 7.0 5.0 6.0 7.0 5.0 6.0 5.0 6.0 3.0 3.0 5.0 5.0 6.0 6.0 7.0 4.0 5.0 4.0 5.0 2.0 3.0 2.0 3.0 8.0 1.0 
'0388' 5.0 5.0 5.0 6.0 4.0 6.0 5.0 6.0 7.0 5.0 5.0 3.0 6.0 4.0 5.0 4.0 5.0 5.0 6.0 7.0 6.0 5.0 7.0 5.0 6.0 4.0 6.0 5.0 2.0 5.0 4.0 4.0 5.0 4.0 2.0 5.0 5.0 7.0 6.0 4.0 3.0 3.0 4.0 7.0 2.0 5.0 3.0 4.0 5.0 6.0 4.0 3.0 4.0 1.0 3.0 4.0 4.0 6.0 7.0 2.0 3.0 4.0 7.0 6.0 5.0 7.0 5.0 2.0 1.0 5.0 1.0 3.0 4.0 6.0 7.0 2.0 
'0390' 4.0 6.0 7.0 4.0 4.0 5.0 4.0 4.0 7.0 7.0 4.0 4.0 7.0 4.0 7.0 1.0 6.0 7.0 7.0 7.0 6.0 7.0 6.0 3.0 5.0 7.0 7.0 7.0 4.0 7.0 4.0 4.0 7.0 4.0 1.0 4.0 7.0 5.0 4.0 4.0 4.0 4.0 6.0 5.0 1.0 7.0 4.0 4.0 4.0 7.0 4.0 7.0 4.0 4.0 4.0 5.0 4.0 5.0 7.0 1.0 1.0 4.0 4.0 4.0 4.0 4.0 7.0 5.0 4.0 4.0 3.0 1.0 6.0 4.0 3.0 2.0 
'0390' 4.0 7.0 4.0 2.0 2.0 7.0 6.0 7.0 5.0 7.0 6.0 7.0 7.0 7.0 7.0 1.0 7.0 2.0 7.0 7.0 6.0 7.0 7.0 2.0 7.0 5.0 1.0 5.0 3.0 6.0 7.0 6.0 7.0 2.0 3.0 7.0 2.0 7.0 5.0 7.0 5.0 4.0 6.0 6.0 1.0 7.0 7.0 6.0 7.0 7.0 6.0 7.0 7.0 6.0 7.0 7.0 7.0 6.0 6.0 2.0 1.0 6.0 7.0 7.0 5.0 7.0 6.0 7.0 1.0 7.0 2.0 3.0 2.0 3.0 8.0 1.0 
'0391' 7.0 4.0 6.0 7.0 3.0 4.0 5.0 7.0 6.0 6.0 7.0 5.0 5.0 5.0 5.0 3.0 6.0 7.0 5.0 6.0 5.0 5.0 2.0 5.0 4.0 7.0 3.0 5.0 2.0 7.0 6.0 5.0 5.0 3.0 3.0 5.0 4.0 5.0 4.0 3.0 4.0 2.0 5.0 6.0 4.0 5.0 5.0 5.0 4.0 5.0 4.0 4.0 6.0 4.0 4.0 7.0 4.0 4.0 5.0 4.0 4.0 7.0 3.0 6.0 4.0 5.0 4.0 4.0 1.0 3.0 1.0 1.0 1.0 1.0 1.0 1.0 
'0391' 6.0 6.0 7.0 6.0 3.0 7.0 4.0 7.0 7.0 7.0 7.0 7.0 7.0 7.0 7.0 1.0 7.0 7.0 7.0 5.0 7.0 7.0 7.0 4.0 6.0 7.0 4.0 6.0 1.0 7.0 7.0 7.0 6.0 5.0 1.0 7.0 7.0 7.0 5.0 5.0 5.0 4.0 7.0 5.0 1.0 5.0 7.0 6.0 7.0 7.0 7.0 7.0 7.0 7.0 6.0 7.0 5.0 6.0 7.0 3.0 1.0 7.0 7.0 7.0 5.0 7.0 7.0 7.0 1.0 4.0 3.0 1.0 3.0 1.0 3.0 1.0 
'0391' 4.0 4.0 6.0 5.0 4.0 7.0 3.0 4.0 6.0 4.0 5.0 4.0 7.0 5.0 5.0 3.0 7.0 7.0 7.0 5.0 4.0 5.0 6.0 5.0 5.0 6.0 2.0 4.0 2.0 5.0 5.0 4.0 5.0 2.0 2.0 5.0 6.0 7.0 6.0 6.0 4.0 2.0 4.0 5.0 4.0 2.0 5.0 4.0 5.0 7.0 5.0 5.0 5.0 4.0 4.0 6.0 5.0 5.0 7.0 4.0 2.0 5.0 6.0 6.0 4.0 4.0 4.0 5.0 3.0 3.0 2.0 2.0 2.0 2.0 5.0 1.0 
'0392' 7.0 7.0 5.0 5.0 2.0 5.0 4.0 5.0 5.0 5.0 5.0 4.0 6.0 5.0 6.0 4.0 5.0 6.0 5.0 5.0 3.0 5.0 5.0 3.0 5.0 5.0 5.0 5.0 2.0 5.0 4.0 5.0 5.0 4.0 4.0 6.0 6.0 5.0 5.0 5.0 4.0 3.0 5.0 6.0 3.0 5.0 6.0 5.0 4.0 7.0 5.0 5.0 4.0 5.0 3.0 5.0 5.0 5.0 5.0 4.0 2.0 5.0 6.0 5.0 6.0 5.0 4.0 5.0 2.0 4.0 2.0 3.0 2.0 3.0 8.0 1.0 
'0394' 7.0 7.0 7.0 7.0 3.0 7.0 6.0 6.0 7.0 6.0 6.0 4.0 7.0 7.0 6.0 5.0 7.0 5.0 7.0 7.0 3.0 6.0 7.0 7.0 6.0 7.0 7.0 6.0 1.0 5.0 4.0 4.0 7.0 5.0 2.0 5.0 6.0 6.0 7.0 5.0 3.0 1.0 4.0 6.0 2.0 7.0 4.0 7.0 6.0 7.0 6.0 2.0 6.0 5.0 4.0 6.0 5.0 5.0 7.0 1.0 1.0 7.0 4.0 7.0 6.0 7.0 5.0 5.0 1.0 6.0 2.0 3.0 5.0 6.0 8.0 2.0 
'0396' 4.0 6.0 4.0 6.0 1.0 6.0 5.0 4.0 6.0 4.0 7.0 5.0 7.0 6.0 6.0 5.0 7.0 4.0 6.0 7.0 4.0 4.0 7.0 4.0 6.0 6.0 5.0 5.0 1.0 7.0 4.0 5.0 5.0 3.0 4.0 5.0 7.0 5.0 4.0 7.0 6.0 2.0 6.0 7.0 1.0 7.0 3.0 7.0 6.0 7.0 7.0 7.0 5.0 4.0 6.0 6.0 4.0 6.0 7.0 1.0 2.0 5.0 6.0 7.0 4.0 4.0 6.0 6.0 2.0 5.0 2.0 2.0 2.0 2.0 5.0 1.0 
'0397' 4.0 5.0 5.0 7.0 4.0 7.0 7.0 6.0 5.0 4.0 4.0 4.0 7.0 7.0 7.0 1.0 6.0 6.0 6.0 5.0 5.0 5.0 6.0 5.0 6.0 4.0 4.0 7.0 4.0 5.0 5.0 5.0 4.0 4.0 4.0 7.0 4.0 5.0 7.0 7.0 6.0 6.0 7.0 4.0 4.0 7.0 6.0 4.0 5.0 7.0 6.0 4.0 3.0 7.0 4.0 5.0 5.0 7.0 5.0 4.0 4.0 4.0 6.0 4.0 6.0 4.0 6.0 5.0 2.0 4.0 3.0 2.0 6.0 5.0 6.0 2.0 
'0407' 6.0 6.0 6.0 6.0 3.0 5.0 5.0 7.0 6.0 7.0 3.0 3.0 7.0 6.0 6.0 2.0 6.0 7.0 7.0 7.0 6.0 6.0 6.0 5.0 2.0 5.0 3.0 6.0 1.0 6.0 5.0 5.0 5.0 3.0 3.0 6.0 7.0 7.0 7.0 5.0 3.0 3.0 6.0 7.0 2.0 5.0 6.0 3.0 7.0 7.0 6.0 7.0 5.0 5.0 3.0 7.0 6.0 6.0 7.0 3.0 2.0 7.0 6.0 3.0 6.0 5.0 6.0 4.0 2.0 5.0 2.0 2.0 2.0 2.0 5.0 1.0 
'0408' 4.0 7.0 4.0 7.0 4.0 5.0 4.0 7.0 7.0 4.0 5.0 3.0 7.0 5.0 4.0 5.0 6.0 4.0 7.0 7.0 4.0 5.0 7.0 5.0 5.0 7.0 5.0 6.0 3.0 4.0 4.0 4.0 4.0 5.0 7.0 4.0 7.0 6.0 4.0 4.0 4.0 4.0 3.0 7.0 4.0 7.0 4.0 5.0 4.0 7.0 4.0 4.0 5.0 4.0 5.0 7.0 6.0 6.0 7.0 5.0 2.0 4.0 6.0 7.0 7.0 7.0 5.0 5.0 1.0 4.0 2.0 2.0 5.0 5.0 5.0 2.0 
'0411' 4.0 6.0 4.0 6.0 4.0 6.0 5.0 5.0 7.0 4.0 4.0 6.0 7.0 6.0 4.0 1.0 6.0 4.0 6.0 5.0 4.0 5.0 7.0 4.0 4.0 5.0 3.0 5.0 1.0 6.0 3.0 6.0 4.0 4.0 5.0 4.0 2.0 4.0 4.0 5.0 4.0 4.0 4.0 4.0 4.0 5.0 4.0 6.0 5.0 7.0 5.0 4.0 4.0 4.0 1.0 4.0 5.0 5.0 5.0 4.0 4.0 5.0 4.0 5.0 4.0 7.0 4.0 4.0 2.0 2.0 2.0 1.0 2.0 1.0 2.0 1.0 
'0412' 4.0 5.0 7.0 7.0 1.0 7.0 3.0 7.0 7.0 7.0 7.0 1.0 7.0 5.0 7.0 1.0 7.0 7.0 7.0 7.0 5.0 7.0 3.0 3.0 6.0 7.0 1.0 5.0 1.0 7.0 7.0 5.0 1.0 4.0 3.0 7.0 7.0 5.0 5.0 3.0 4.0 5.0 6.0 7.0 1.0 5.0 4.0 7.0 7.0 7.0 7.0 7.0 5.0 3.0 3.0 6.0 5.0 7.0 7.0 3.0 1.0 7.0 7.0 7.0 5.0 6.0 5.0 5.0 4.0 3.0 2.0 2.0 5.0 5.0 5.0 2.0 
'0414' 6.0 7.0 7.0 6.0 3.0 6.0 3.0 5.0 6.0 5.0 4.0 5.0 7.0 6.0 5.0 3.0 6.0 7.0 6.0 5.0 5.0 5.0 7.0 5.0 5.0 6.0 6.0 5.0 3.0 6.0 5.0 6.0 5.0 4.0 2.0 5.0 7.0 7.0 5.0 6.0 4.0 3.0 4.0 7.0 3.0 7.0 7.0 3.0 6.0 6.0 5.0 7.0 7.0 6.0 5.0 7.0 5.0 6.0 6.0 4.0 2.0 6.0 6.0 5.0 6.0 6.0 6.0 4.0 1.0 3.0 2.0 3.0 5.0 6.0 8.0 2.0 
'0417' 4.0 5.0 4.0 5.0 3.0 6.0 4.0 5.0 6.0 4.0 5.0 6.0 7.0 5.0 5.0 2.0 5.0 4.0 6.0 6.0 2.0 6.0 7.0 4.0 3.0 6.0 1.0 5.0 6.0 5.0 2.0 6.0 7.0 4.0 3.0 6.0 2.0 6.0 4.0 6.0 4.0 3.0 5.0 3.0 3.0 5.0 4.0 2.0 7.0 7.0 5.0 5.0 4.0 5.0 5.0 6.0 4.0 5.0 6.0 4.0 2.0 4.0 6.0 6.0 4.0 5.0 6.0 4.0 4.0 6.0 1.0 2.0 1.0 2.0 4.0 1.0 
'0422' 4.0 4.0 6.0 7.0 1.0 5.0 5.0 7.0 7.0 6.0 7.0 5.0 7.0 7.0 4.0 2.0 6.0 4.0 7.0 7.0 5.0 5.0 7.0 4.0 4.0 4.0 1.0 6.0 1.0 7.0 4.0 7.0 5.0 2.0 1.0 6.0 6.0 3.0 6.0 6.0 4.0 5.0 5.0 6.0 1.0 3.0 3.0 2.0 7.0 7.0 2.0 6.0 7.0 5.0 5.0 7.0 6.0 5.0 7.0 4.0 1.0 5.0 7.0 6.0 5.0 7.0 2.0 4.0 7.0 7.0 1.0 2.0 1.0 2.0 4.0 1.0 
'0423' 4.0 6.0 4.0 7.0 5.0 7.0 5.0 4.0 7.0 5.0 4.0 3.0 7.0 6.0 7.0 1.0 6.0 4.0 7.0 7.0 7.0 6.0 7.0 6.0 3.0 6.0 1.0 7.0 5.0 7.0 7.0 7.0 7.0 4.0 2.0 7.0 5.0 7.0 7.0 5.0 6.0 4.0 7.0 7.0 6.0 7.0 7.0 6.0 7.0 7.0 7.0 7.0 7.0 6.0 6.0 7.0 6.0 6.0 5.0 3.0 1.0 6.0 7.0 6.0 7.0 6.0 4.0 7.0 1.0 5.0 3.0 1.0 6.0 4.0 3.0 2.0 
'0429' 7.0 4.0 7.0 7.0 4.0 6.0 3.0 6.0 7.0 5.0 6.0 6.0 7.0 6.0 6.0 2.0 5.0 7.0 6.0 6.0 5.0 6.0 6.0 6.0 4.0 6.0 6.0 7.0 2.0 7.0 6.0 7.0 7.0 5.0 3.0 6.0 3.0 7.0 7.0 6.0 4.0 4.0 6.0 7.0 4.0 6.0 4.0 6.0 6.0 7.0 5.0 7.0 4.0 6.0 6.0 7.0 6.0 6.0 7.0 3.0 3.0 7.0 6.0 6.0 6.0 6.0 7.0 6.0 2.0 2.0 3.0 2.0 3.0 2.0 6.0 1.0 
'0433' 5.0 5.0 4.0 5.0 3.0 6.0 3.0 5.0 6.0 5.0 5.0 3.0 5.0 5.0 5.0 2.0 6.0 4.0 5.0 6.0 5.0 5.0 5.0 4.0 3.0 3.0 3.0 5.0 3.0 5.0 6.0 4.0 5.0 3.0 2.0 4.0 4.0 6.0 5.0 5.0 4.0 3.0 5.0 5.0 3.0 6.0 4.0 4.0 6.0 6.0 4.0 4.0 5.0 5.0 4.0 5.0 6.0 5.0 5.0 3.0 2.0 5.0 4.0 5.0 4.0 4.0 4.0 4.0 2.0 5.0 2.0 3.0 2.0 3.0 8.0 1.0 
'0434' 7.0 7.0 7.0 4.0 4.0 7.0 3.0 7.0 7.0 7.0 4.0 7.0 5.0 7.0 7.0 5.0 7.0 4.0 7.0 7.0 7.0 7.0 7.0 5.0 7.0 7.0 1.0 6.0 1.0 7.0 7.0 7.0 7.0 7.0 1.0 7.0 1.0 2.0 7.0 6.0 6.0 4.0 6.0 7.0 1.0 7.0 1.0 1.0 7.0 7.0 7.0 7.0 7.0 7.0 7.0 7.0 6.0 7.0 6.0 7.0 1.0 7.0 7.0 7.0 5.0 7.0 4.0 7.0 1.0 3.0 1.0 2.0 4.0 5.0 4.0 2.0 
'0434' 3.0 7.0 5.0 6.0 3.0 7.0 3.0 6.0 7.0 6.0 6.0 4.0 7.0 6.0 6.0 2.0 6.0 4.0 6.0 6.0 6.0 6.0 7.0 6.0 7.0 6.0 6.0 6.0 3.0 6.0 6.0 5.0 5.0 4.0 3.0 6.0 7.0 7.0 4.0 6.0 4.0 4.0 6.0 5.0 3.0 7.0 5.0 6.0 5.0 7.0 5.0 6.0 6.0 4.0 2.0 5.0 6.0 6.0 6.0 4.0 3.0 4.0 6.0 6.0 6.0 6.0 6.0 4.0 2.0 3.0 3.0 3.0 6.0 6.0 9.0 2.0 
'0436' 4.0 7.0 7.0 5.0 1.0 5.0 6.0 7.0 7.0 5.0 3.0 1.0 7.0 7.0 5.0 1.0 6.0 1.0 6.0 1.0 7.0 5.0 7.0 3.0 6.0 4.0 5.0 3.0 1.0 7.0 7.0 4.0 7.0 2.0 1.0 7.0 5.0 7.0 3.0 5.0 2.0 3.0 4.0 5.0 2.0 5.0 2.0 1.0 6.0 7.0 7.0 3.0 4.0 3.0 3.0 7.0 4.0 6.0 7.0 2.0 2.0 4.0 7.0 5.0 1.0 4.0 4.0 2.0 1.0 2.0 2.0 2.0 2.0 2.0 5.0 1.0 
'0436' 7.0 7.0 7.0 5.0 4.0 6.0 3.0 6.0 7.0 7.0 7.0 5.0 7.0 6.0 6.0 3.0 7.0 7.0 7.0 7.0 7.0 7.0 6.0 6.0 6.0 7.0 7.0 6.0 2.0 7.0 7.0 4.0 5.0 3.0 5.0 6.0 7.0 7.0 7.0 7.0 4.0 4.0 6.0 6.0 2.0 7.0 5.0 4.0 6.0 7.0 6.0 7.0 7.0 7.0 4.0 7.0 6.0 7.0 5.0 1.0 1.0 7.0 6.0 7.0 5.0 7.0 1.0 5.0 1.0 1.0 2.0 3.0 5.0 6.0 8.0 2.0 
'0437' 4.0 7.0 2.0 5.0 4.0 7.0 4.0 7.0 6.0 4.0 4.0 4.0 7.0 7.0 4.0 3.0 7.0 4.0 7.0 7.0 6.0 4.0 6.0 4.0 4.0 5.0 5.0 5.0 1.0 7.0 1.0 6.0 5.0 4.0 4.0 6.0 7.0 7.0 7.0 4.0 4.0 4.0 6.0 6.0 4.0 1.0 4.0 5.0 4.0 7.0 7.0 4.0 4.0 4.0 4.0 6.0 6.0 4.0 4.0 4.0 1.0 4.0 4.0 6.0 4.0 4.0 4.0 4.0 4.0 2.0 2.0 2.0 5.0 5.0 5.0 2.0 
'0437' 7.0 7.0 7.0 4.0 7.0 7.0 2.0 7.0 7.0 7.0 7.0 6.0 7.0 7.0 7.0 1.0 6.0 7.0 7.0 7.0 7.0 7.0 7.0 7.0 7.0 7.0 7.0 7.0 1.0 7.0 7.0 7.0 6.0 4.0 1.0 7.0 7.0 7.0 2.0 7.0 1.0 1.0 7.0 7.0 4.0 6.0 7.0 4.0 7.0 7.0 7.0 7.0 7.0 4.0 1.0 7.0 7.0 7.0 7.0 1.0 1.0 7.0 6.0 7.0 7.0 7.0 7.0 1.0 1.0 1.0 2.0 3.0 5.0 6.0 8.0 2.0 
'0440' 4.0 6.0 4.0 7.0 1.0 3.0 7.0 7.0 7.0 6.0 5.0 5.0 7.0 5.0 6.0 2.0 7.0 4.0 7.0 6.0 5.0 5.0 7.0 7.0 7.0 7.0 2.0 6.0 1.0 5.0 5.0 7.0 7.0 4.0 4.0 5.0 3.0 5.0 7.0 6.0 5.0 4.0 4.0 7.0 1.0 5.0 4.0 6.0 5.0 7.0 5.0 4.0 7.0 5.0 3.0 7.0 4.0 5.0 7.0 3.0 1.0 4.0 6.0 7.0 7.0 7.0 5.0 5.0 1.0 4.0 1.0 1.0 4.0 4.0 1.0 2.0 
'0441' 2.0 6.0 4.0 7.0 5.0 6.0 7.0 5.0 7.0 6.0 6.0 7.0 6.0 6.0 7.0 2.0 7.0 4.0 7.0 7.0 5.0 6.0 7.0 6.0 6.0 7.0 6.0 7.0 1.0 6.0 3.0 5.0 7.0 6.0 2.0 6.0 6.0 7.0 7.0 5.0 3.0 5.0 5.0 6.0 2.0 7.0 5.0 6.0 5.0 6.0 6.0 3.0 5.0 7.0 5.0 6.0 6.0 7.0 7.0 2.0 2.0 5.0 7.0 6.0 6.0 5.0 6.0 6.0 2.0 5.0 2.0 3.0 2.0 3.0 8.0 1.0 
'0442' 4.0 7.0 7.0 7.0 1.0 7.0 7.0 7.0 7.0 4.0 5.0 1.0 7.0 4.0 6.0 1.0 7.0 4.0 7.0 7.0 7.0 4.0 7.0 7.0 7.0 2.0 5.0 7.0 1.0 2.0 4.0 6.0 7.0 2.0 1.0 5.0 7.0 7.0 7.0 6.0 1.0 1.0 5.0 7.0 1.0 5.0 6.0 2.0 4.0 7.0 4.0 2.0 4.0 7.0 1.0 7.0 6.0 4.0 7.0 2.0 1.0 1.0 7.0 7.0 7.0 7.0 6.0 5.0 1.0 7.0 1.0 3.0 4.0 6.0 7.0 2.0 
'0443' 7.0 5.0 6.0 7.0 3.0 7.0 6.0 6.0 7.0 5.0 7.0 6.0 7.0 7.0 6.0 2.0 6.0 6.0 7.0 7.0 6.0 7.0 7.0 5.0 6.0 6.0 2.0 7.0 3.0 7.0 6.0 7.0 6.0 6.0 2.0 6.0 5.0 6.0 7.0 6.0 5.0 2.0 6.0 6.0 2.0 6.0 6.0 5.0 6.0 7.0 7.0 6.0 5.0 6.0 6.0 7.0 6.0 6.0 6.0 3.0 2.0 7.0 7.0 7.0 6.0 6.0 7.0 5.0 2.0 6.0 3.0 1.0 3.0 1.0 3.0 1.0 
'0444' 7.0 6.0 7.0 7.0 4.0 7.0 6.0 5.0 6.0 6.0 5.0 6.0 7.0 6.0 6.0 4.0 6.0 7.0 6.0 7.0 5.0 6.0 7.0 6.0 4.0 6.0 6.0 6.0 4.0 4.0 5.0 7.0 5.0 4.0 4.0 7.0 7.0 4.0 6.0 6.0 4.0 4.0 6.0 7.0 4.0 6.0 6.0 4.0 7.0 7.0 6.0 6.0 6.0 7.0 6.0 7.0 7.0 7.0 4.0 4.0 1.0 7.0 7.0 5.0 6.0 4.0 7.0 6.0 4.0 5.0 2.0 3.0 2.0 3.0 8.0 1.0 
'0449' 4.0 7.0 7.0 2.0 5.0 6.0 5.0 6.0 7.0 5.0 3.0 2.0 7.0 7.0 5.0 1.0 4.0 7.0 7.0 7.0 1.0 5.0 7.0 6.0 6.0 6.0 6.0 5.0 5.0 6.0 5.0 4.0 7.0 4.0 6.0 5.0 5.0 7.0 5.0 6.0 4.0 6.0 6.0 7.0 5.0 6.0 6.0 1.0 6.0 7.0 7.0 7.0 7.0 7.0 3.0 7.0 6.0 6.0 7.0 5.0 4.0 7.0 7.0 6.0 7.0 5.0 7.0 6.0 5.0 2.0 2.0 2.0 2.0 2.0 5.0 1.0 
'0449' 5.0 6.0 4.0 7.0 2.0 7.0 5.0 5.0 1.0 5.0 6.0 1.0 5.0 7.0 4.0 2.0 6.0 4.0 7.0 7.0 2.0 6.0 7.0 7.0 4.0 7.0 1.0 5.0 5.0 6.0 7.0 7.0 7.0 5.0 1.0 6.0 2.0 7.0 7.0 6.0 5.0 2.0 5.0 6.0 7.0 7.0 2.0 7.0 7.0 5.0 7.0 7.0 5.0 5.0 6.0 5.0 5.0 4.0 5.0 5.0 3.0 7.0 6.0 7.0 7.0 4.0 5.0 7.0 5.0 7.0 2.0 1.0 2.0 1.0 2.0 1.0 
'0450' 5.0 6.0 6.0 5.0 4.0 6.0 6.0 6.0 6.0 6.0 4.0 4.0 7.0 6.0 6.0 2.0 6.0 6.0 7.0 6.0 6.0 6.0 6.0 5.0 3.0 6.0 1.0 6.0 2.0 6.0 6.0 7.0 6.0 3.0 2.0 6.0 6.0 6.0 5.0 6.0 4.0 4.0 5.0 6.0 2.0 6.0 6.0 5.0 7.0 7.0 7.0 6.0 7.0 5.0 6.0 7.0 4.0 5.0 6.0 3.0 3.0 6.0 7.0 5.0 6.0 6.0 6.0 5.0 2.0 3.0 1.0 2.0 1.0 2.0 4.0 1.0 
'0450' 4.0 7.0 4.0 7.0 4.0 7.0 5.0 7.0 7.0 6.0 6.0 6.0 7.0 5.0 7.0 2.0 7.0 7.0 6.0 7.0 5.0 7.0 6.0 5.0 7.0 7.0 1.0 5.0 3.0 7.0 7.0 7.0 1.0 3.0 2.0 7.0 7.0 6.0 6.0 5.0 4.0 4.0 3.0 4.0 2.0 7.0 4.0 6.0 7.0 7.0 6.0 7.0 5.0 6.0 5.0 7.0 6.0 3.0 7.0 5.0 1.0 4.0 7.0 6.0 6.0 6.0 7.0 5.0 1.0 6.0 2.0 2.0 5.0 5.0 5.0 2.0 
'0455' 6.0 7.0 7.0 5.0 1.0 7.0 5.0 6.0 7.0 7.0 6.0 6.0 7.0 5.0 7.0 1.0 7.0 6.0 7.0 7.0 6.0 7.0 2.0 5.0 7.0 7.0 1.0 6.0 1.0 7.0 7.0 7.0 7.0 3.0 5.0 6.0 6.0 7.0 5.0 6.0 6.0 3.0 5.0 7.0 1.0 5.0 6.0 3.0 7.0 7.0 5.0 7.0 7.0 7.0 5.0 7.0 7.0 6.0 7.0 5.0 1.0 6.0 7.0 6.0 7.0 7.0 5.0 7.0 1.0 5.0 3.0 3.0 6.0 6.0 9.0 2.0 
'0456' 3.0 6.0 5.0 6.0 3.0 6.0 5.0 6.0 7.0 2.0 6.0 7.0 7.0 5.0 4.0 3.0 7.0 4.0 6.0 7.0 5.0 7.0 7.0 3.0 1.0 6.0 1.0 4.0 2.0 7.0 6.0 6.0 6.0 4.0 3.0 7.0 7.0 6.0 5.0 7.0 5.0 3.0 5.0 5.0 1.0 7.0 4.0 4.0 7.0 7.0 5.0 3.0 5.0 5.0 6.0 6.0 5.0 5.0 6.0 3.0 1.0 5.0 7.0 4.0 5.0 6.0 5.0 6.0 2.0 3.0 2.0 1.0 5.0 4.0 2.0 2.0 
'0457' 4.0 6.0 4.0 6.0 1.0 6.0 1.0 2.0 7.0 7.0 4.0 5.0 7.0 5.0 4.0 2.0 6.0 5.0 6.0 7.0 6.0 6.0 5.0 4.0 6.0 5.0 1.0 5.0 1.0 5.0 6.0 7.0 4.0 4.0 4.0 6.0 7.0 7.0 5.0 6.0 5.0 4.0 6.0 7.0 1.0 6.0 7.0 4.0 7.0 7.0 6.0 7.0 6.0 5.0 6.0 7.0 7.0 7.0 7.0 4.0 2.0 6.0 6.0 5.0 7.0 7.0 7.0 7.0 3.0 6.0 3.0 2.0 3.0 2.0 6.0 1.0 
'0458' 6.0 7.0 4.0 7.0 4.0 7.0 6.0 7.0 7.0 7.0 7.0 4.0 7.0 7.0 7.0 1.0 7.0 6.0 7.0 7.0 7.0 6.0 7.0 4.0 4.0 7.0 4.0 6.0 1.0 4.0 4.0 7.0 7.0 4.0 2.0 7.0 5.0 7.0 7.0 7.0 4.0 4.0 6.0 7.0 4.0 7.0 7.0 7.0 4.0 7.0 6.0 7.0 6.0 7.0 4.0 7.0 7.0 6.0 6.0 1.0 1.0 7.0 7.0 7.0 6.0 7.0 7.0 6.0 4.0 4.0 3.0 1.0 6.0 4.0 3.0 2.0 
'0459' 5.0 6.0 4.0 6.0 2.0 6.0 4.0 5.0 7.0 4.0 4.0 6.0 6.0 6.0 6.0 3.0 5.0 6.0 7.0 6.0 6.0 6.0 7.0 5.0 6.0 4.0 6.0 5.0 1.0 6.0 6.0 7.0 6.0 4.0 4.0 7.0 6.0 6.0 6.0 6.0 4.0 2.0 4.0 6.0 5.0 4.0 5.0 4.0 6.0 7.0 5.0 6.0 6.0 5.0 5.0 6.0 5.0 5.0 6.0 2.0 2.0 6.0 7.0 5.0 4.0 6.0 6.0 4.0 1.0 1.0 3.0 2.0 6.0 5.0 6.0 2.0 
'0462' 4.0 5.0 7.0 7.0 4.0 6.0 4.0 6.0 7.0 7.0 7.0 6.0 7.0 4.0 6.0 4.0 7.0 6.0 7.0 3.0 4.0 7.0 5.0 5.0 7.0 4.0 3.0 4.0 4.0 7.0 7.0 7.0 4.0 4.0 4.0 6.0 7.0 4.0 4.0 7.0 7.0 7.0 7.0 5.0 5.0 7.0 4.0 7.0 7.0 6.0 6.0 6.0 4.0 7.0 7.0 7.0 7.0 7.0 7.0 5.0 4.0 7.0 4.0 7.0 4.0 7.0 6.0 7.0 2.0 7.0 2.0 1.0 2.0 1.0 2.0 1.0 
'0462' 4.0 6.0 4.0 7.0 4.0 7.0 7.0 6.0 7.0 7.0 4.0 2.0 7.0 6.0 6.0 2.0 6.0 4.0 7.0 7.0 3.0 6.0 7.0 5.0 7.0 7.0 2.0 6.0 1.0 6.0 5.0 5.0 7.0 6.0 5.0 6.0 2.0 6.0 7.0 5.0 4.0 3.0 6.0 6.0 1.0 7.0 4.0 5.0 4.0 7.0 6.0 6.0 5.0 5.0 4.0 6.0 7.0 6.0 6.0 6.0 4.0 6.0 6.0 6.0 6.0 6.0 4.0 7.0 1.0 2.0 2.0 3.0 2.0 3.0 8.0 1.0 
'0463' 3.0 6.0 4.0 7.0 2.0 7.0 5.0 7.0 7.0 5.0 7.0 5.0 7.0 7.0 6.0 1.0 7.0 4.0 7.0 7.0 3.0 6.0 6.0 3.0 7.0 5.0 6.0 5.0 1.0 5.0 6.0 5.0 7.0 3.0 1.0 7.0 7.0 5.0 6.0 5.0 3.0 2.0 4.0 6.0 1.0 7.0 5.0 6.0 6.0 7.0 5.0 7.0 5.0 5.0 2.0 7.0 6.0 5.0 7.0 2.0 1.0 5.0 3.0 7.0 5.0 7.0 5.0 5.0 1.0 3.0 3.0 2.0 3.0 2.0 6.0 1.0 
'0464' 4.0 7.0 7.0 4.0 2.0 7.0 6.0 5.0 7.0 5.0 6.0 6.0 7.0 6.0 4.0 1.0 7.0 4.0 6.0 2.0 6.0 6.0 6.0 4.0 4.0 6.0 5.0 4.0 1.0 7.0 5.0 6.0 2.0 4.0 2.0 4.0 7.0 6.0 3.0 6.0 4.0 3.0 7.0 4.0 1.0 6.0 4.0 6.0 7.0 7.0 6.0 7.0 4.0 5.0 7.0 7.0 7.0 6.0 6.0 4.0 1.0 6.0 3.0 6.0 4.0 6.0 5.0 5.0 1.0 2.0 1.0 1.0 1.0 1.0 1.0 1.0 
'0466' 4.0 6.0 4.0 4.0 4.0 4.0 5.0 5.0 2.0 5.0 4.0 4.0 5.0 5.0 4.0 1.0 4.0 3.0 7.0 4.0 4.0 7.0 3.0 4.0 4.0 7.0 4.0 4.0 4.0 5.0 4.0 4.0 4.0 4.0 3.0 4.0 5.0 7.0 4.0 4.0 4.0 4.0 4.0 7.0 4.0 7.0 3.0 4.0 7.0 7.0 6.0 6.0 4.0 4.0 4.0 4.0 4.0 4.0 4.0 1.0 3.0 4.0 4.0 4.0 4.0 7.0 3.0 4.0 3.0 4.0 2.0 3.0 2.0 3.0 8.0 1.0 
'0466' 4.0 7.0 6.0 5.0 1.0 7.0 7.0 7.0 5.0 3.0 1.0 4.0 7.0 7.0 6.0 1.0 6.0 4.0 7.0 7.0 7.0 7.0 6.0 4.0 7.0 7.0 7.0 5.0 1.0 7.0 6.0 4.0 7.0 2.0 1.0 4.0 4.0 7.0 7.0 7.0 4.0 1.0 4.0 7.0 1.0 5.0 7.0 1.0 7.0 7.0 7.0 7.0 7.0 7.0 6.0 7.0 6.0 7.0 7.0 1.0 1.0 4.0 7.0 4.0 7.0 6.0 1.0 7.0 1.0 7.0 2.0 3.0 5.0 6.0 8.0 2.0 
'0467' 6.0 6.0 4.0 7.0 2.0 6.0 5.0 6.0 7.0 3.0 7.0 3.0 7.0 7.0 4.0 2.0 7.0 5.0 7.0 7.0 3.0 6.0 6.0 5.0 3.0 7.0 3.0 4.0 2.0 7.0 7.0 6.0 6.0 5.0 2.0 4.0 5.0 5.0 5.0 5.0 3.0 2.0 3.0 5.0 2.0 5.0 3.0 6.0 7.0 7.0 6.0 6.0 5.0 6.0 7.0 7.0 5.0 3.0 7.0 5.0 2.0 5.0 5.0 7.0 6.0 7.0 5.0 5.0 2.0 6.0 2.0 2.0 2.0 2.0 5.0 1.0 
'0468' 6.0 5.0 6.0 7.0 3.0 5.0 3.0 6.0 6.0 6.0 6.0 5.0 7.0 5.0 5.0 1.0 6.0 6.0 7.0 6.0 6.0 5.0 5.0 5.0 3.0 4.0 2.0 5.0 1.0 7.0 5.0 7.0 3.0 3.0 2.0 6.0 5.0 6.0 5.0 5.0 4.0 4.0 6.0 6.0 4.0 5.0 5.0 5.0 5.0 7.0 6.0 7.0 6.0 6.0 5.0 5.0 6.0 6.0 6.0 3.0 1.0 5.0 5.0 7.0 4.0 6.0 6.0 7.0 3.0 5.0 2.0 1.0 2.0 1.0 2.0 1.0 
'0469' 7.0 7.0 7.0 6.0 2.0 7.0 5.0 7.0 7.0 7.0 7.0 2.0 7.0 7.0 7.0 1.0 7.0 5.0 7.0 7.0 7.0 6.0 5.0 7.0 7.0 6.0 1.0 7.0 1.0 6.0 1.0 6.0 7.0 4.0 4.0 7.0 7.0 5.0 7.0 7.0 1.0 4.0 6.0 7.0 2.0 7.0 5.0 4.0 7.0 7.0 7.0 6.0 7.0 6.0 5.0 7.0 7.0 5.0 7.0 5.0 5.0 7.0 5.0 7.0 7.0 7.0 6.0 5.0 4.0 1.0 1.0 3.0 1.0 3.0 7.0 1.0 
'0469' 4.0 7.0 6.0 6.0 4.0 7.0 6.0 4.0 7.0 7.0 1.0 2.0 7.0 6.0 6.0 1.0 7.0 6.0 7.0 6.0 4.0 5.0 7.0 1.0 1.0 4.0 1.0 4.0 1.0 7.0 7.0 5.0 7.0 4.0 1.0 4.0 4.0 4.0 4.0 6.0 4.0 4.0 5.0 4.0 2.0 6.0 1.0 7.0 7.0 7.0 7.0 7.0 4.0 6.0 4.0 7.0 5.0 6.0 4.0 4.0 4.0 4.0 4.0 7.0 4.0 7.0 4.0 4.0 1.0 2.0 2.0 2.0 2.0 2.0 5.0 1.0 
'0470' 5.0 6.0 7.0 6.0 3.0 6.0 2.0 6.0 6.0 7.0 5.0 6.0 6.0 6.0 5.0 2.0 6.0 7.0 6.0 6.0 7.0 6.0 6.0 4.0 3.0 6.0 5.0 7.0 5.0 5.0 5.0 6.0 6.0 5.0 3.0 6.0 5.0 6.0 6.0 5.0 4.0 5.0 6.0 6.0 5.0 5.0 4.0 3.0 5.0 6.0 5.0 5.0 5.0 5.0 5.0 6.0 6.0 7.0 7.0 5.0 3.0 6.0 7.0 5.0 4.0 5.0 6.0 5.0 5.0 4.0 3.0 3.0 6.0 6.0 9.0 2.0 
'0471' 6.0 6.0 6.0 7.0 2.0 6.0 6.0 6.0 6.0 6.0 6.0 6.0 7.0 7.0 6.0 2.0 7.0 4.0 7.0 7.0 5.0 6.0 7.0 5.0 7.0 6.0 2.0 6.0 1.0 6.0 6.0 6.0 6.0 3.0 2.0 6.0 4.0 6.0 5.0 7.0 4.0 3.0 6.0 6.0 2.0 7.0 3.0 6.0 7.0 7.0 3.0 6.0 6.0 4.0 6.0 6.0 6.0 6.0 7.0 3.0 2.0 4.0 6.0 7.0 5.0 7.0 6.0 5.0 1.0 6.0 1.0 3.0 4.0 6.0 7.0 2.0 
'0471' 4.0 5.0 7.0 6.0 1.0 7.0 2.0 5.0 7.0 4.0 5.0 4.0 7.0 6.0 5.0 1.0 6.0 6.0 7.0 1.0 2.0 6.0 7.0 1.0 1.0 5.0 1.0 1.0 1.0 6.0 7.0 6.0 1.0 3.0 4.0 7.0 7.0 4.0 4.0 4.0 5.0 3.0 6.0 6.0 1.0 1.0 7.0 1.0 7.0 7.0 5.0 7.0 7.0 5.0 3.0 4.0 6.0 5.0 7.0 2.0 2.0 5.0 7.0 4.0 3.0 6.0 6.0 4.0 1.0 2.0 2.0 2.0 5.0 5.0 5.0 2.0 
'0472' 4.0 6.0 4.0 7.0 1.0 6.0 4.0 7.0 4.0 7.0 7.0 7.0 7.0 5.0 4.0 2.0 7.0 4.0 7.0 7.0 7.0 7.0 7.0 6.0 4.0 7.0 6.0 4.0 1.0 7.0 4.0 4.0 4.0 4.0 1.0 7.0 4.0 7.0 4.0 6.0 4.0 2.0 7.0 6.0 1.0 6.0 4.0 4.0 4.0 7.0 7.0 7.0 7.0 7.0 7.0 7.0 7.0 7.0 7.0 4.0 1.0 5.0 4.0 7.0 7.0 7.0 4.0 4.0 1.0 7.0 1.0 1.0 1.0 1.0 1.0 1.0 
'0472' 4.0 5.0 4.0 6.0 4.0 6.0 5.0 6.0 6.0 6.0 6.0 6.0 7.0 6.0 4.0 2.0 6.0 4.0 7.0 6.0 4.0 7.0 7.0 6.0 5.0 6.0 4.0 4.0 2.0 4.0 7.0 6.0 4.0 4.0 4.0 4.0 6.0 5.0 4.0 5.0 4.0 4.0 5.0 6.0 4.0 7.0 4.0 2.0 7.0 7.0 5.0 6.0 7.0 4.0 5.0 6.0 4.0 6.0 6.0 4.0 5.0 4.0 4.0 6.0 4.0 4.0 5.0 5.0 4.0 7.0 3.0 3.0 6.0 6.0 9.0 2.0 
'0473' 5.0 6.0 4.0 5.0 4.0 5.0 5.0 4.0 6.0 4.0 4.0 4.0 5.0 6.0 5.0 2.0 5.0 6.0 6.0 6.0 6.0 5.0 5.0 4.0 3.0 5.0 5.0 4.0 4.0 5.0 6.0 7.0 4.0 4.0 3.0 4.0 7.0 7.0 6.0 5.0 4.0 4.0 5.0 5.0 4.0 5.0 7.0 4.0 4.0 7.0 6.0 7.0 6.0 5.0 5.0 5.0 6.0 5.0 6.0 3.0 3.0 6.0 6.0 6.0 5.0 7.0 5.0 5.0 3.0 5.0 2.0 3.0 5.0 6.0 8.0 2.0 
'0474' 4.0 7.0 1.0 7.0 2.0 2.0 7.0 7.0 7.0 4.0 7.0 1.0 7.0 7.0 6.0 1.0 7.0 1.0 7.0 6.0 6.0 7.0 7.0 4.0 6.0 7.0 1.0 7.0 1.0 7.0 5.0 5.0 7.0 4.0 3.0 6.0 5.0 3.0 7.0 4.0 3.0 3.0 6.0 7.0 1.0 6.0 4.0 7.0 7.0 7.0 6.0 4.0 7.0 4.0 5.0 7.0 7.0 6.0 7.0 5.0 2.0 4.0 6.0 7.0 6.0 5.0 5.0 4.0 1.0 5.0 1.0 1.0 1.0 1.0 1.0 1.0 
'0475' 7.0 7.0 7.0 7.0 2.0 6.0 4.0 4.0 7.0 5.0 1.0 4.0 7.0 7.0 6.0 1.0 1.0 7.0 7.0 6.0 3.0 6.0 7.0 7.0 7.0 7.0 5.0 6.0 1.0 4.0 4.0 7.0 7.0 4.0 4.0 4.0 7.0 7.0 7.0 4.0 5.0 1.0 6.0 7.0 6.0 5.0 7.0 4.0 6.0 7.0 7.0 7.0 7.0 6.0 5.0 7.0 6.0 6.0 7.0 4.0 1.0 7.0 4.0 1.0 3.0 7.0 7.0 6.0 1.0 1.0 2.0 1.0 5.0 4.0 2.0 2.0 
'0475' 5.0 7.0 6.0 4.0 1.0 6.0 6.0 6.0 7.0 5.0 4.0 1.0 7.0 7.0 7.0 1.0 6.0 6.0 7.0 7.0 5.0 6.0 7.0 6.0 7.0 5.0 7.0 6.0 1.0 7.0 4.0 7.0 7.0 3.0 2.0 7.0 7.0 7.0 7.0 5.0 3.0 4.0 5.0 7.0 2.0 7.0 7.0 5.0 7.0 7.0 7.0 7.0 4.0 7.0 6.0 7.0 4.0 6.0 7.0 4.0 1.0 4.0 7.0 5.0 7.0 4.0 7.0 6.0 3.0 4.0 2.0 2.0 2.0 2.0 5.0 1.0 
'0476' 5.0 6.0 7.0 7.0 2.0 7.0 5.0 7.0 6.0 7.0 6.0 5.0 7.0 5.0 5.0 5.0 6.0 6.0 6.0 5.0 5.0 6.0 6.0 5.0 6.0 6.0 5.0 5.0 1.0 7.0 5.0 7.0 7.0 7.0 2.0 5.0 7.0 6.0 5.0 7.0 4.0 2.0 7.0 6.0 3.0 7.0 6.0 7.0 4.0 7.0 6.0 7.0 7.0 6.0 5.0 7.0 7.0 6.0 6.0 3.0 3.0 5.0 5.0 7.0 6.0 7.0 5.0 6.0 2.0 3.0 2.0 3.0 2.0 3.0 8.0 1.0 
'0477' 4.0 7.0 4.0 5.0 3.0 7.0 7.0 7.0 7.0 7.0 7.0 5.0 7.0 6.0 5.0 5.0 7.0 4.0 7.0 7.0 6.0 7.0 7.0 3.0 7.0 7.0 2.0 7.0 4.0 7.0 7.0 6.0 7.0 3.0 1.0 7.0 7.0 7.0 7.0 7.0 7.0 3.0 6.0 7.0 1.0 4.0 5.0 7.0 7.0 7.0 7.0 7.0 7.0 6.0 7.0 7.0 4.0 6.0 7.0 4.0 1.0 6.0 7.0 7.0 7.0 7.0 7.0 6.0 1.0 2.0 1.0 2.0 4.0 5.0 4.0 2.0 
'0477' 4.0 7.0 4.0 4.0 7.0 7.0 5.0 7.0 7.0 6.0 4.0 5.0 7.0 7.0 7.0 2.0 7.0 4.0 7.0 4.0 4.0 7.0 7.0 3.0 7.0 7.0 7.0 5.0 3.0 7.0 6.0 7.0 6.0 4.0 2.0 5.0 2.0 6.0 7.0 5.0 4.0 3.0 3.0 7.0 4.0 6.0 4.0 5.0 7.0 7.0 6.0 5.0 5.0 4.0 7.0 7.0 6.0 6.0 7.0 4.0 1.0 4.0 6.0 6.0 7.0 7.0 4.0 6.0 1.0 7.0 1.0 1.0 4.0 4.0 1.0 2.0 
'0479' 5.0 6.0 5.0 5.0 3.0 6.0 6.0 6.0 6.0 6.0 7.0 7.0 7.0 5.0 7.0 3.0 7.0 4.0 7.0 7.0 6.0 6.0 6.0 6.0 7.0 5.0 6.0 6.0 2.0 7.0 7.0 6.0 7.0 5.0 3.0 7.0 7.0 6.0 6.0 7.0 6.0 5.0 6.0 7.0 5.0 7.0 4.0 7.0 4.0 7.0 6.0 6.0 4.0 6.0 4.0 6.0 6.0 6.0 6.0 1.0 2.0 4.0 6.0 7.0 7.0 7.0 5.0 6.0 4.0 7.0 2.0 2.0 2.0 2.0 5.0 1.0 
'0479' 4.0 7.0 4.0 4.0 1.0 6.0 6.0 7.0 7.0 4.0 2.0 3.0 7.0 5.0 4.0 1.0 7.0 4.0 7.0 7.0 6.0 6.0 6.0 5.0 7.0 7.0 2.0 6.0 1.0 4.0 6.0 4.0 7.0 1.0 3.0 7.0 7.0 7.0 6.0 2.0 4.0 4.0 4.0 7.0 1.0 7.0 1.0 2.0 6.0 7.0 5.0 6.0 4.0 4.0 5.0 5.0 6.0 7.0 7.0 1.0 1.0 4.0 7.0 6.0 6.0 6.0 5.0 4.0 2.0 3.0 1.0 3.0 1.0 3.0 7.0 1.0 
'0481' 2.0 4.0 4.0 6.0 2.0 7.0 5.0 6.0 6.0 2.0 6.0 3.0 6.0 6.0 6.0 4.0 7.0 4.0 6.0 6.0 6.0 5.0 6.0 4.0 5.0 6.0 6.0 6.0 2.0 4.0 4.0 2.0 6.0 4.0 1.0 6.0 4.0 7.0 6.0 3.0 4.0 1.0 4.0 6.0 2.0 6.0 4.0 6.0 4.0 5.0 5.0 4.0 3.0 3.0 4.0 4.0 6.0 6.0 7.0 3.0 3.0 2.0 4.0 7.0 6.0 7.0 4.0 3.0 4.0 5.0 1.0 3.0 1.0 3.0 7.0 1.0 
'0481' 6.0 5.0 4.0 7.0 4.0 7.0 1.0 7.0 7.0 7.0 5.0 7.0 7.0 7.0 7.0 1.0 7.0 7.0 7.0 7.0 4.0 7.0 6.0 3.0 2.0 7.0 1.0 7.0 1.0 7.0 7.0 7.0 4.0 4.0 2.0 6.0 7.0 7.0 4.0 7.0 4.0 2.0 7.0 5.0 4.0 6.0 6.0 7.0 7.0 7.0 7.0 4.0 6.0 7.0 7.0 7.0 6.0 7.0 7.0 4.0 1.0 6.0 7.0 7.0 7.0 7.0 7.0 5.0 1.0 5.0 2.0 2.0 5.0 5.0 5.0 2.0 
'0481' 2.0 6.0 4.0 4.0 5.0 6.0 5.0 7.0 6.0 6.0 6.0 6.0 7.0 6.0 6.0 2.0 6.0 7.0 7.0 7.0 6.0 7.0 6.0 4.0 6.0 2.0 7.0 6.0 3.0 6.0 6.0 6.0 6.0 4.0 3.0 6.0 6.0 6.0 6.0 4.0 3.0 2.0 5.0 7.0 6.0 7.0 3.0 3.0 6.0 7.0 6.0 4.0 5.0 2.0 4.0 4.0 4.0 6.0 7.0 4.0 2.0 5.0 6.0 5.0 5.0 5.0 3.0 4.0 4.0 6.0 1.0 3.0 4.0 6.0 7.0 2.0 
'0481' 4.0 4.0 5.0 5.0 3.0 6.0 5.0 5.0 6.0 5.0 5.0 5.0 6.0 3.0 6.0 3.0 5.0 5.0 5.0 6.0 6.0 5.0 6.0 5.0 5.0 4.0 4.0 5.0 4.0 4.0 5.0 6.0 5.0 4.0 4.0 6.0 3.0 5.0 5.0 6.0 6.0 4.0 4.0 5.0 4.0 5.0 2.0 5.0 5.0 6.0 5.0 5.0 4.0 5.0 1.0 5.0 6.0 6.0 5.0 4.0 4.0 5.0 7.0 5.0 5.0 5.0 5.0 5.0 5.0 4.0 2.0 3.0 2.0 3.0 8.0 1.0 
'0482' 4.0 5.0 6.0 5.0 3.0 5.0 4.0 4.0 6.0 5.0 4.0 4.0 7.0 5.0 4.0 2.0 6.0 6.0 5.0 7.0 4.0 6.0 6.0 4.0 4.0 5.0 2.0 4.0 1.0 6.0 4.0 5.0 3.0 4.0 3.0 4.0 6.0 6.0 4.0 4.0 4.0 4.0 5.0 4.0 2.0 3.0 5.0 6.0 4.0 7.0 5.0 5.0 4.0 6.0 6.0 6.0 6.0 6.0 6.0 2.0 3.0 6.0 5.0 5.0 4.0 6.0 5.0 5.0 1.0 5.0 2.0 2.0 2.0 2.0 5.0 1.0 
'0483' 7.0 5.0 2.0 7.0 1.0 5.0 6.0 7.0 7.0 5.0 5.0 3.0 7.0 6.0 6.0 1.0 7.0 1.0 7.0 7.0 7.0 5.0 6.0 7.0 6.0 7.0 5.0 6.0 1.0 5.0 3.0 1.0 6.0 6.0 3.0 6.0 5.0 7.0 6.0 6.0 5.0 4.0 3.0 7.0 2.0 7.0 4.0 6.0 5.0 7.0 5.0 3.0 4.0 5.0 3.0 5.0 5.0 7.0 7.0 1.0 3.0 1.0 6.0 7.0 7.0 3.0 5.0 3.0 1.0 5.0 2.0 3.0 5.0 6.0 8.0 2.0 
'0483' 1.0 7.0 6.0 7.0 1.0 7.0 7.0 7.0 7.0 6.0 7.0 5.0 6.0 6.0 6.0 5.0 7.0 5.0 7.0 7.0 6.0 5.0 7.0 3.0 6.0 7.0 6.0 7.0 1.0 6.0 6.0 5.0 7.0 5.0 3.0 6.0 7.0 7.0 7.0 6.0 5.0 4.0 5.0 7.0 4.0 7.0 6.0 6.0 7.0 7.0 7.0 2.0 7.0 7.0 4.0 6.0 4.0 6.0 7.0 2.0 1.0 7.0 7.0 7.0 7.0 7.0 6.0 5.0 1.0 7.0 2.0 1.0 5.0 4.0 2.0 2.0 
'0483' 4.0 4.0 4.0 6.0 2.0 6.0 5.0 6.0 5.0 6.0 7.0 5.0 7.0 3.0 5.0 2.0 7.0 5.0 7.0 6.0 6.0 6.0 5.0 5.0 6.0 6.0 3.0 5.0 1.0 7.0 7.0 5.0 5.0 5.0 3.0 5.0 7.0 7.0 6.0 5.0 5.0 4.0 4.0 5.0 2.0 6.0 4.0 6.0 6.0 7.0 3.0 6.0 6.0 5.0 6.0 5.0 5.0 5.0 6.0 2.0 2.0 4.0 6.0 7.0 4.0 7.0 5.0 4.0 1.0 4.0 2.0 1.0 5.0 4.0 2.0 2.0 
'0484' 5.0 6.0 5.0 7.0 3.0 6.0 3.0 7.0 7.0 3.0 6.0 5.0 7.0 7.0 7.0 3.0 7.0 4.0 7.0 7.0 3.0 6.0 7.0 5.0 7.0 7.0 5.0 7.0 1.0 7.0 1.0 6.0 7.0 5.0 3.0 7.0 7.0 7.0 6.0 7.0 5.0 3.0 5.0 7.0 3.0 7.0 6.0 5.0 6.0 7.0 6.0 6.0 6.0 7.0 1.0 7.0 6.0 5.0 6.0 3.0 1.0 5.0 6.0 7.0 7.0 7.0 6.0 6.0 2.0 6.0 2.0 3.0 5.0 6.0 8.0 2.0 
'0484' 4.0 5.0 4.0 7.0 2.0 7.0 6.0 7.0 7.0 3.0 5.0 5.0 7.0 7.0 7.0 1.0 6.0 4.0 7.0 7.0 6.0 5.0 7.0 6.0 7.0 7.0 5.0 5.0 1.0 7.0 4.0 4.0 7.0 4.0 3.0 7.0 5.0 6.0 4.0 6.0 4.0 2.0 5.0 7.0 1.0 6.0 2.0 5.0 3.0 7.0 7.0 5.0 4.0 5.0 3.0 7.0 6.0 7.0 7.0 2.0 2.0 4.0 7.0 6.0 5.0 6.0 5.0 5.0 2.0 4.0 2.0 2.0 5.0 5.0 5.0 2.0 
'0485' 4.0 5.0 4.0 6.0 1.0 5.0 6.0 7.0 7.0 5.0 4.0 5.0 7.0 5.0 7.0 1.0 5.0 4.0 7.0 6.0 7.0 7.0 7.0 3.0 7.0 7.0 7.0 6.0 1.0 6.0 4.0 7.0 7.0 4.0 3.0 6.0 7.0 6.0 4.0 6.0 4.0 4.0 5.0 5.0 1.0 7.0 4.0 4.0 5.0 7.0 7.0 1.0 4.0 5.0 5.0 7.0 6.0 5.0 7.0 4.0 3.0 5.0 7.0 7.0 6.0 6.0 7.0 6.0 2.0 4.0 1.0 3.0 4.0 6.0 7.0 2.0 
'0485' 7.0 4.0 4.0 5.0 7.0 7.0 7.0 7.0 7.0 7.0 6.0 5.0 7.0 6.0 5.0 7.0 6.0 6.0 5.0 5.0 6.0 4.0 6.0 2.0 6.0 6.0 7.0 5.0 6.0 6.0 4.0 7.0 7.0 4.0 1.0 6.0 6.0 5.0 5.0 7.0 6.0 7.0 2.0 4.0 5.0 5.0 5.0 6.0 4.0 6.0 6.0 6.0 6.0 5.0 6.0 7.0 4.0 6.0 5.0 2.0 1.0 3.0 6.0 6.0 4.0 4.0 5.0 6.0 1.0 7.0 1.0 3.0 1.0 3.0 7.0 1.0 
'0486' 3.0 6.0 6.0 4.0 2.0 6.0 3.0 7.0 6.0 5.0 4.0 4.0 1.0 6.0 6.0 4.0 4.0 7.0 6.0 4.0 7.0 4.0 7.0 6.0 7.0 6.0 6.0 5.0 1.0 5.0 4.0 4.0 6.0 4.0 4.0 6.0 6.0 7.0 4.0 5.0 6.0 4.0 6.0 7.0 5.0 6.0 3.0 4.0 2.0 7.0 6.0 5.0 4.0 2.0 2.0 6.0 4.0 6.0 4.0 2.0 3.0 7.0 4.0 5.0 4.0 4.0 5.0 6.0 4.0 2.0 1.0 3.0 4.0 6.0 7.0 2.0 
'0489' 4.0 6.0 4.0 7.0 4.0 6.0 4.0 4.0 7.0 4.0 6.0 4.0 7.0 5.0 7.0 1.0 6.0 4.0 6.0 6.0 4.0 7.0 7.0 4.0 1.0 4.0 1.0 6.0 1.0 6.0 7.0 7.0 4.0 4.0 2.0 7.0 7.0 6.0 6.0 4.0 6.0 4.0 6.0 4.0 1.0 4.0 4.0 4.0 5.0 7.0 6.0 5.0 5.0 6.0 5.0 7.0 5.0 6.0 6.0 2.0 3.0 4.0 6.0 6.0 4.0 4.0 4.0 5.0 1.0 5.0 3.0 1.0 3.0 1.0 3.0 1.0 
'0489' 4.0 6.0 4.0 7.0 4.0 4.0 1.0 4.0 5.0 4.0 4.0 5.0 7.0 6.0 7.0 1.0 5.0 7.0 7.0 1.0 4.0 6.0 3.0 4.0 7.0 7.0 1.0 4.0 1.0 7.0 7.0 7.0 4.0 4.0 1.0 6.0 1.0 4.0 4.0 6.0 4.0 4.0 6.0 5.0 3.0 1.0 5.0 4.0 1.0 7.0 5.0 6.0 7.0 6.0 1.0 7.0 6.0 5.0 5.0 1.0 3.0 4.0 6.0 6.0 4.0 4.0 2.0 5.0 1.0 4.0 3.0 1.0 6.0 4.0 3.0 2.0 
'0489' 4.0 5.0 4.0 6.0 4.0 6.0 4.0 6.0 7.0 4.0 6.0 4.0 7.0 6.0 4.0 3.0 6.0 4.0 6.0 7.0 4.0 6.0 6.0 4.0 5.0 6.0 2.0 4.0 4.0 4.0 4.0 6.0 4.0 4.0 4.0 6.0 7.0 4.0 4.0 5.0 5.0 4.0 5.0 4.0 4.0 6.0 4.0 4.0 6.0 7.0 6.0 6.0 5.0 6.0 4.0 5.0 6.0 5.0 5.0 4.0 4.0 4.0 6.0 5.0 5.0 4.0 5.0 5.0 4.0 4.0 3.0 1.0 6.0 4.0 3.0 2.0 
'0490' 6.0 5.0 4.0 6.0 4.0 6.0 4.0 4.0 6.0 6.0 4.0 4.0 7.0 5.0 5.0 1.0 4.0 5.0 6.0 6.0 7.0 6.0 2.0 4.0 4.0 4.0 4.0 4.0 4.0 4.0 4.0 7.0 4.0 4.0 3.0 6.0 7.0 6.0 4.0 6.0 4.0 4.0 5.0 6.0 2.0 6.0 5.0 4.0 6.0 7.0 7.0 7.0 6.0 6.0 4.0 6.0 7.0 6.0 5.0 5.0 4.0 6.0 6.0 6.0 6.0 5.0 6.0 5.0 4.0 4.0 2.0 3.0 2.0 3.0 8.0 1.0 
'0491' 4.0 7.0 5.0 6.0 2.0 5.0 5.0 5.0 5.0 6.0 6.0 3.0 6.0 6.0 6.0 1.0 5.0 5.0 7.0 7.0 5.0 7.0 7.0 4.0 5.0 5.0 2.0 5.0 2.0 6.0 6.0 5.0 5.0 4.0 1.0 6.0 6.0 7.0 5.0 5.0 5.0 4.0 5.0 5.0 2.0 5.0 5.0 4.0 7.0 7.0 6.0 7.0 7.0 5.0 4.0 6.0 6.0 5.0 6.0 2.0 3.0 7.0 6.0 4.0 5.0 5.0 6.0 5.0 3.0 3.0 3.0 2.0 6.0 5.0 6.0 2.0 
'0491' 4.0 5.0 4.0 4.0 3.0 4.0 1.0 5.0 7.0 6.0 5.0 4.0 7.0 5.0 6.0 1.0 5.0 4.0 6.0 2.0 5.0 6.0 2.0 6.0 6.0 6.0 4.0 6.0 1.0 7.0 5.0 6.0 6.0 4.0 1.0 6.0 7.0 6.0 4.0 6.0 5.0 4.0 5.0 7.0 1.0 5.0 4.0 5.0 4.0 7.0 5.0 4.0 4.0 6.0 5.0 4.0 7.0 7.0 4.0 5.0 4.0 4.0 5.0 5.0 7.0 4.0 5.0 6.0 1.0 5.0 3.0 3.0 3.0 3.0 9.0 1.0 
'0493' 4.0 6.0 6.0 4.0 2.0 5.0 5.0 6.0 6.0 4.0 3.0 1.0 6.0 5.0 6.0 1.0 7.0 7.0 6.0 7.0 7.0 6.0 6.0 2.0 7.0 4.0 1.0 7.0 1.0 4.0 4.0 6.0 7.0 3.0 2.0 5.0 4.0 6.0 6.0 3.0 3.0 4.0 5.0 5.0 1.0 7.0 6.0 7.0 5.0 7.0 3.0 6.0 7.0 3.0 6.0 4.0 4.0 3.0 6.0 1.0 3.0 7.0 6.0 6.0 6.0 7.0 5.0 2.0 2.0 3.0 2.0 3.0 5.0 6.0 8.0 2.0 
'0493' 5.0 6.0 6.0 6.0 4.0 7.0 3.0 4.0 6.0 5.0 3.0 6.0 6.0 6.0 5.0 2.0 5.0 5.0 5.0 7.0 5.0 4.0 7.0 5.0 7.0 5.0 5.0 4.0 1.0 5.0 6.0 6.0 4.0 6.0 3.0 7.0 7.0 6.0 5.0 7.0 4.0 4.0 5.0 5.0 2.0 5.0 4.0 1.0 4.0 7.0 3.0 7.0 5.0 5.0 3.0 5.0 6.0 6.0 6.0 3.0 4.0 7.0 7.0 5.0 4.0 7.0 6.0 7.0 1.0 6.0 3.0 2.0 3.0 2.0 6.0 1.0 
'0493' 5.0 4.0 5.0 7.0 3.0 3.0 6.0 5.0 7.0 3.0 7.0 3.0 6.0 5.0 7.0 3.0 7.0 7.0 7.0 7.0 6.0 5.0 5.0 3.0 6.0 7.0 3.0 5.0 1.0 5.0 5.0 6.0 7.0 4.0 3.0 6.0 4.0 7.0 6.0 5.0 3.0 5.0 5.0 7.0 1.0 2.0 5.0 6.0 7.0 7.0 5.0 1.0 3.0 3.0 3.0 6.0 7.0 5.0 7.0 1.0 1.0 6.0 5.0 7.0 5.0 5.0 5.0 4.0 2.0 5.0 1.0 3.0 1.0 3.0 7.0 1.0 
'0494' 4.0 7.0 4.0 5.0 2.0 6.0 5.0 4.0 6.0 4.0 5.0 4.0 5.0 6.0 4.0 3.0 5.0 4.0 7.0 5.0 5.0 4.0 7.0 4.0 6.0 4.0 3.0 4.0 3.0 5.0 4.0 4.0 5.0 5.0 3.0 4.0 3.0 7.0 4.0 3.0 4.0 4.0 3.0 7.0 3.0 4.0 4.0 4.0 4.0 7.0 3.0 4.0 6.0 4.0 4.0 6.0 4.0 4.0 5.0 4.0 3.0 4.0 4.0 5.0 7.0 5.0 4.0 4.0 4.0 5.0 1.0 2.0 1.0 2.0 4.0 1.0 
'0495' 4.0 6.0 4.0 5.0 3.0 6.0 4.0 5.0 7.0 5.0 6.0 5.0 7.0 6.0 5.0 1.0 7.0 4.0 6.0 7.0 6.0 5.0 6.0 5.0 6.0 6.0 6.0 5.0 2.0 6.0 6.0 5.0 6.0 4.0 6.0 6.0 7.0 5.0 4.0 6.0 5.0 3.0 6.0 7.0 4.0 2.0 5.0 6.0 5.0 7.0 6.0 6.0 4.0 5.0 5.0 4.0 6.0 6.0 5.0 3.0 4.0 4.0 6.0 6.0 5.0 7.0 4.0 5.0 4.0 4.0 2.0 3.0 2.0 3.0 8.0 1.0 
'0495' 4.0 6.0 4.0 6.0 2.0 6.0 6.0 4.0 7.0 6.0 5.0 3.0 6.0 6.0 6.0 1.0 6.0 4.0 7.0 6.0 5.0 6.0 7.0 4.0 5.0 7.0 5.0 4.0 1.0 4.0 5.0 6.0 5.0 2.0 3.0 4.0 6.0 6.0 4.0 5.0 4.0 3.0 5.0 4.0 1.0 6.0 5.0 3.0 6.0 7.0 5.0 5.0 4.0 5.0 5.0 6.0 5.0 4.0 7.0 4.0 1.0 4.0 6.0 5.0 3.0 5.0 4.0 4.0 2.0 3.0 1.0 1.0 1.0 1.0 1.0 1.0 
'0497' 3.0 7.0 6.0 6.0 4.0 7.0 5.0 7.0 7.0 6.0 5.0 4.0 7.0 4.0 5.0 2.0 6.0 4.0 7.0 6.0 6.0 6.0 7.0 4.0 6.0 7.0 7.0 5.0 1.0 7.0 6.0 7.0 6.0 1.0 4.0 6.0 3.0 6.0 2.0 7.0 6.0 4.0 6.0 7.0 4.0 5.0 7.0 6.0 7.0 7.0 7.0 7.0 7.0 6.0 5.0 7.0 4.0 4.0 6.0 4.0 1.0 7.0 6.0 7.0 4.0 7.0 7.0 4.0 1.0 7.0 1.0 1.0 1.0 1.0 1.0 1.0 
'0497' 6.0 6.0 6.0 7.0 2.0 7.0 6.0 7.0 7.0 7.0 6.0 6.0 7.0 7.0 6.0 2.0 7.0 6.0 6.0 7.0 7.0 7.0 6.0 6.0 5.0 6.0 3.0 6.0 2.0 4.0 7.0 7.0 6.0 5.0 2.0 6.0 6.0 7.0 6.0 6.0 5.0 2.0 7.0 7.0 2.0 5.0 6.0 6.0 5.0 7.0 6.0 7.0 7.0 5.0 7.0 7.0 7.0 6.0 6.0 2.0 1.0 6.0 7.0 7.0 6.0 6.0 7.0 5.0 2.0 4.0 3.0 2.0 3.0 2.0 6.0 1.0 
'0498' 5.0 6.0 6.0 6.0 4.0 6.0 1.0 7.0 6.0 6.0 5.0 5.0 6.0 6.0 6.0 2.0 6.0 6.0 6.0 5.0 5.0 5.0 6.0 5.0 5.0 5.0 2.0 5.0 3.0 5.0 6.0 6.0 5.0 5.0 2.0 6.0 6.0 6.0 4.0 6.0 5.0 5.0 6.0 6.0 5.0 1.0 7.0 6.0 6.0 6.0 6.0 5.0 7.0 6.0 6.0 6.0 6.0 6.0 6.0 5.0 2.0 6.0 6.0 5.0 5.0 6.0 6.0 5.0 2.0 2.0 3.0 2.0 3.0 2.0 6.0 1.0 
'0498' 4.0 5.0 6.0 6.0 4.0 7.0 4.0 7.0 5.0 6.0 7.0 1.0 7.0 6.0 4.0 1.0 7.0 5.0 7.0 6.0 4.0 6.0 7.0 3.0 5.0 5.0 6.0 4.0 1.0 6.0 4.0 7.0 6.0 4.0 2.0 4.0 6.0 7.0 5.0 4.0 4.0 4.0 4.0 6.0 3.0 5.0 4.0 5.0 6.0 7.0 3.0 7.0 6.0 4.0 4.0 5.0 6.0 4.0 7.0 4.0 1.0 4.0 6.0 7.0 4.0 6.0 4.0 5.0 1.0 2.0 2.0 1.0 5.0 4.0 2.0 2.0 
'0499' 7.0 7.0 7.0 6.0 4.0 7.0 7.0 7.0 7.0 7.0 7.0 3.0 7.0 6.0 7.0 4.0 7.0 6.0 7.0 7.0 7.0 7.0 7.0 7.0 7.0 7.0 7.0 7.0 6.0 7.0 1.0 7.0 7.0 7.0 1.0 7.0 6.0 7.0 7.0 7.0 4.0 4.0 4.0 7.0 1.0 7.0 7.0 7.0 7.0 7.0 7.0 4.0 7.0 7.0 7.0 7.0 7.0 6.0 7.0 6.0 1.0 4.0 6.0 7.0 7.0 7.0 6.0 3.0 2.0 6.0 2.0 3.0 5.0 6.0 8.0 2.0 
'0499' 6.0 7.0 6.0 6.0 5.0 7.0 4.0 6.0 7.0 5.0 6.0 6.0 7.0 6.0 4.0 1.0 6.0 7.0 7.0 7.0 5.0 6.0 6.0 4.0 5.0 6.0 1.0 6.0 4.0 6.0 7.0 6.0 4.0 3.0 2.0 6.0 7.0 5.0 4.0 6.0 4.0 4.0 3.0 6.0 2.0 7.0 6.0 5.0 6.0 7.0 6.0 6.0 7.0 5.0 6.0 6.0 5.0 6.0 5.0 4.0 1.0 6.0 7.0 6.0 5.0 7.0 7.0 5.0 1.0 2.0 2.0 1.0 2.0 1.0 2.0 1.0 
'0500' 6.0 6.0 7.0 7.0 3.0 7.0 4.0 7.0 7.0 6.0 5.0 6.0 7.0 6.0 7.0 2.0 6.0 7.0 7.0 7.0 7.0 6.0 7.0 5.0 6.0 5.0 1.0 5.0 1.0 3.0 6.0 6.0 6.0 5.0 3.0 7.0 7.0 7.0 6.0 5.0 5.0 4.0 6.0 7.0 3.0 6.0 5.0 5.0 4.0 7.0 5.0 7.0 6.0 6.0 5.0 7.0 6.0 5.0 6.0 4.0 3.0 7.0 7.0 5.0 6.0 7.0 5.0 6.0 2.0 5.0 3.0 1.0 6.0 4.0 3.0 2.0 
'0501' 4.0 6.0 7.0 6.0 4.0 7.0 5.0 4.0 7.0 4.0 4.0 4.0 7.0 7.0 7.0 3.0 7.0 7.0 7.0 6.0 7.0 5.0 7.0 7.0 4.0 7.0 4.0 4.0 1.0 7.0 4.0 7.0 7.0 3.0 4.0 7.0 7.0 7.0 4.0 6.0 4.0 4.0 4.0 5.0 4.0 7.0 2.0 4.0 7.0 7.0 7.0 7.0 7.0 4.0 5.0 7.0 4.0 6.0 7.0 4.0 1.0 7.0 5.0 7.0 4.0 7.0 7.0 7.0 4.0 4.0 1.0 3.0 1.0 3.0 7.0 1.0 
'0504' 4.0 7.0 4.0 6.0 1.0 7.0 5.0 7.0 7.0 6.0 4.0 6.0 7.0 6.0 6.0 1.0 6.0 5.0 7.0 7.0 7.0 7.0 7.0 6.0 1.0 7.0 1.0 7.0 1.0 7.0 7.0 7.0 7.0 2.0 1.0 7.0 2.0 7.0 6.0 2.0 4.0 6.0 6.0 7.0 1.0 7.0 1.0 1.0 7.0 7.0 6.0 7.0 7.0 7.0 4.0 7.0 7.0 2.0 6.0 2.0 1.0 4.0 7.0 6.0 7.0 4.0 3.0 7.0 1.0 1.0 3.0 1.0 6.0 4.0 3.0 2.0 
'0504' 6.0 7.0 4.0 7.0 1.0 7.0 5.0 7.0 7.0 3.0 7.0 6.0 7.0 6.0 7.0 1.0 7.0 4.0 7.0 7.0 5.0 6.0 7.0 3.0 6.0 7.0 1.0 7.0 1.0 7.0 6.0 6.0 7.0 5.0 1.0 7.0 5.0 7.0 6.0 7.0 3.0 1.0 5.0 6.0 1.0 1.0 6.0 7.0 7.0 7.0 3.0 6.0 6.0 7.0 7.0 7.0 6.0 3.0 7.0 5.0 1.0 4.0 5.0 7.0 6.0 7.0 5.0 7.0 1.0 6.0 1.0 2.0 4.0 5.0 4.0 2.0 
'0505' 3.0 6.0 5.0 6.0 3.0 6.0 5.0 7.0 4.0 4.0 7.0 4.0 7.0 5.0 7.0 3.0 7.0 6.0 4.0 5.0 5.0 7.0 7.0 4.0 7.0 4.0 6.0 5.0 3.0 5.0 7.0 3.0 6.0 7.0 2.0 4.0 5.0 7.0 4.0 3.0 5.0 2.0 3.0 3.0 2.0 7.0 6.0 7.0 7.0 6.0 3.0 1.0 6.0 3.0 5.0 5.0 5.0 6.0 7.0 2.0 1.0 3.0 5.0 7.0 5.0 6.0 5.0 5.0 1.0 7.0 1.0 2.0 4.0 5.0 4.0 2.0 
'0505' 4.0 7.0 4.0 7.0 1.0 7.0 4.0 6.0 7.0 6.0 6.0 5.0 7.0 6.0 4.0 1.0 7.0 4.0 7.0 7.0 1.0 7.0 7.0 4.0 4.0 7.0 6.0 7.0 1.0 7.0 3.0 5.0 7.0 4.0 2.0 4.0 7.0 6.0 7.0 6.0 4.0 1.0 5.0 7.0 2.0 7.0 5.0 7.0 7.0 7.0 7.0 5.0 6.0 6.0 5.0 5.0 7.0 6.0 7.0 1.0 1.0 4.0 5.0 7.0 6.0 7.0 2.0 5.0 1.0 6.0 1.0 2.0 4.0 5.0 4.0 2.0 
'0506' 5.0 6.0 7.0 7.0 2.0 6.0 4.0 6.0 6.0 7.0 6.0 5.0 7.0 6.0 6.0 2.0 5.0 4.0 7.0 6.0 6.0 7.0 7.0 6.0 7.0 6.0 4.0 7.0 1.0 5.0 5.0 7.0 6.0 6.0 2.0 7.0 6.0 6.0 7.0 6.0 6.0 4.0 6.0 7.0 2.0 7.0 6.0 4.0 4.0 7.0 6.0 6.0 5.0 6.0 3.0 7.0 6.0 6.0 7.0 3.0 2.0 4.0 6.0 6.0 7.0 7.0 6.0 6.0 3.0 3.0 3.0 2.0 6.0 5.0 6.0 2.0 
'0507' 5.0 7.0 7.0 5.0 2.0 7.0 3.0 7.0 3.0 6.0 4.0 5.0 7.0 5.0 4.0 2.0 5.0 7.0 6.0 3.0 6.0 5.0 7.0 2.0 5.0 5.0 3.0 5.0 1.0 5.0 7.0 7.0 1.0 3.0 4.0 6.0 7.0 7.0 3.0 5.0 4.0 3.0 7.0 5.0 2.0 3.0 5.0 1.0 6.0 7.0 6.0 7.0 6.0 4.0 5.0 5.0 7.0 4.0 5.0 2.0 1.0 7.0 5.0 5.0 4.0 4.0 6.0 6.0 2.0 5.0 2.0 3.0 5.0 6.0 8.0 2.0 
'0507' 7.0 7.0 7.0 4.0 4.0 7.0 4.0 4.0 7.0 5.0 7.0 1.0 7.0 7.0 7.0 5.0 7.0 1.0 7.0 7.0 7.0 4.0 7.0 5.0 7.0 7.0 7.0 7.0 1.0 4.0 7.0 4.0 7.0 4.0 1.0 7.0 7.0 7.0 7.0 4.0 4.0 1.0 7.0 7.0 1.0 7.0 4.0 6.0 7.0 7.0 7.0 7.0 7.0 4.0 4.0 5.0 7.0 7.0 7.0 1.0 2.0 1.0 7.0 7.0 7.0 7.0 5.0 6.0 3.0 4.0 1.0 3.0 4.0 6.0 7.0 2.0 
'0507' 5.0 5.0 4.0 5.0 2.0 6.0 5.0 6.0 7.0 5.0 6.0 3.0 6.0 7.0 5.0 2.0 7.0 2.0 7.0 6.0 6.0 6.0 7.0 2.0 5.0 7.0 5.0 5.0 3.0 6.0 6.0 5.0 7.0 4.0 1.0 5.0 5.0 6.0 5.0 5.0 2.0 3.0 5.0 6.0 2.0 5.0 4.0 6.0 6.0 7.0 6.0 5.0 6.0 4.0 5.0 7.0 6.0 6.0 7.0 2.0 1.0 7.0 6.0 7.0 5.0 7.0 5.0 2.0 1.0 3.0 2.0 3.0 2.0 3.0 8.0 1.0 
'0508' 4.0 6.0 7.0 6.0 3.0 7.0 5.0 6.0 6.0 4.0 4.0 4.0 7.0 6.0 6.0 1.0 7.0 4.0 7.0 7.0 5.0 6.0 4.0 4.0 7.0 7.0 4.0 4.0 2.0 7.0 6.0 7.0 4.0 4.0 4.0 6.0 4.0 7.0 4.0 6.0 4.0 1.0 7.0 5.0 2.0 6.0 6.0 5.0 6.0 7.0 7.0 7.0 6.0 6.0 6.0 7.0 4.0 4.0 7.0 2.0 1.0 5.0 6.0 7.0 6.0 6.0 4.0 4.0 1.0 5.0 2.0 3.0 2.0 3.0 8.0 1.0 
'0509' 3.0 5.0 3.0 6.0 4.0 5.0 7.0 6.0 7.0 5.0 7.0 6.0 6.0 6.0 4.0 4.0 7.0 1.0 7.0 7.0 5.0 6.0 5.0 7.0 7.0 7.0 6.0 6.0 4.0 7.0 5.0 7.0 5.0 3.0 1.0 7.0 6.0 7.0 4.0 5.0 7.0 4.0 2.0 7.0 6.0 7.0 6.0 7.0 7.0 7.0 4.0 5.0 7.0 5.0 6.0 7.0 4.0 6.0 7.0 5.0 1.0 4.0 6.0 7.0 7.0 7.0 6.0 6.0 3.0 7.0 2.0 1.0 5.0 4.0 2.0 2.0 
'0509' 6.0 6.0 5.0 5.0 4.0 5.0 5.0 6.0 7.0 4.0 1.0 6.0 4.0 6.0 5.0 1.0 7.0 4.0 7.0 7.0 6.0 7.0 5.0 4.0 1.0 4.0 1.0 4.0 5.0 7.0 7.0 5.0 4.0 4.0 1.0 6.0 5.0 6.0 6.0 4.0 4.0 4.0 5.0 7.0 4.0 7.0 2.0 6.0 7.0 7.0 1.0 7.0 6.0 4.0 7.0 6.0 4.0 5.0 7.0 4.0 1.0 5.0 6.0 6.0 4.0 7.0 7.0 4.0 5.0 6.0 1.0 1.0 1.0 1.0 1.0 1.0 
'0510' 6.0 7.0 7.0 4.0 1.0 5.0 6.0 5.0 5.0 4.0 6.0 4.0 7.0 5.0 6.0 3.0 6.0 7.0 6.0 4.0 5.0 6.0 5.0 5.0 4.0 6.0 5.0 6.0 3.0 6.0 4.0 7.0 4.0 6.0 3.0 5.0 7.0 6.0 4.0 6.0 4.0 3.0 6.0 6.0 3.0 2.0 6.0 4.0 6.0 7.0 6.0 5.0 5.0 5.0 6.0 4.0 4.0 6.0 6.0 4.0 3.0 6.0 6.0 5.0 6.0 6.0 4.0 5.0 1.0 4.0 2.0 3.0 2.0 3.0 8.0 1.0 
'0510' 4.0 7.0 7.0 5.0 5.0 7.0 3.0 7.0 7.0 7.0 6.0 5.0 7.0 7.0 7.0 1.0 6.0 7.0 7.0 5.0 5.0 7.0 7.0 5.0 6.0 7.0 5.0 7.0 1.0 7.0 7.0 7.0 6.0 4.0 1.0 7.0 7.0 7.0 7.0 6.0 5.0 4.0 7.0 7.0 1.0 6.0 7.0 5.0 7.0 7.0 7.0 7.0 7.0 7.0 5.0 7.0 7.0 6.0 7.0 4.0 1.0 7.0 7.0 7.0 7.0 7.0 6.0 7.0 1.0 5.0 3.0 1.0 3.0 1.0 3.0 1.0 
'0510' 5.0 7.0 7.0 7.0 1.0 7.0 7.0 7.0 7.0 4.0 5.0 5.0 7.0 3.0 7.0 3.0 7.0 5.0 7.0 7.0 6.0 5.0 7.0 4.0 5.0 7.0 3.0 6.0 4.0 5.0 5.0 6.0 7.0 4.0 3.0 7.0 7.0 7.0 6.0 6.0 7.0 5.0 5.0 7.0 4.0 7.0 3.0 3.0 7.0 7.0 7.0 7.0 4.0 7.0 7.0 7.0 7.0 6.0 7.0 6.0 3.0 5.0 5.0 7.0 4.0 7.0 6.0 6.0 2.0 3.0 1.0 2.0 4.0 5.0 4.0 2.0 
'0510' 2.0 6.0 6.0 6.0 1.0 7.0 4.0 5.0 7.0 4.0 7.0 4.0 7.0 6.0 3.0 1.0 7.0 1.0 7.0 6.0 6.0 7.0 7.0 1.0 7.0 6.0 4.0 6.0 1.0 4.0 1.0 4.0 7.0 6.0 1.0 7.0 4.0 7.0 4.0 6.0 4.0 4.0 4.0 7.0 1.0 7.0 6.0 7.0 4.0 7.0 5.0 4.0 6.0 6.0 4.0 7.0 4.0 7.0 7.0 4.0 1.0 4.0 7.0 7.0 7.0 7.0 1.0 5.0 1.0 6.0 2.0 2.0 5.0 5.0 5.0 2.0 
'0511' 4.0 7.0 5.0 7.0 3.0 5.0 4.0 4.0 7.0 6.0 4.0 4.0 7.0 7.0 6.0 1.0 5.0 4.0 7.0 7.0 6.0 5.0 4.0 6.0 7.0 7.0 1.0 5.0 1.0 7.0 4.0 7.0 7.0 3.0 3.0 6.0 4.0 7.0 4.0 5.0 5.0 4.0 5.0 6.0 3.0 7.0 5.0 3.0 4.0 7.0 6.0 7.0 5.0 4.0 1.0 7.0 6.0 5.0 7.0 3.0 3.0 6.0 5.0 6.0 5.0 4.0 6.0 4.0 1.0 7.0 2.0 1.0 5.0 4.0 2.0 2.0 
'0513' 6.0 6.0 7.0 5.0 3.0 7.0 6.0 5.0 7.0 2.0 3.0 6.0 7.0 7.0 6.0 2.0 6.0 7.0 6.0 6.0 6.0 5.0 7.0 5.0 4.0 6.0 6.0 5.0 2.0 5.0 2.0 5.0 5.0 4.0 3.0 5.0 4.0 5.0 6.0 6.0 4.0 4.0 4.0 6.0 4.0 5.0 6.0 5.0 6.0 7.0 6.0 6.0 7.0 5.0 5.0 6.0 6.0 6.0 5.0 3.0 4.0 7.0 6.0 5.0 5.0 6.0 6.0 5.0 3.0 4.0 3.0 2.0 6.0 5.0 6.0 2.0 
'0513' 4.0 5.0 6.0 7.0 3.0 6.0 6.0 7.0 6.0 3.0 7.0 3.0 6.0 5.0 6.0 3.0 6.0 6.0 7.0 6.0 1.0 7.0 6.0 1.0 7.0 6.0 5.0 5.0 1.0 7.0 6.0 6.0 5.0 3.0 2.0 6.0 6.0 7.0 5.0 5.0 4.0 1.0 3.0 5.0 1.0 6.0 5.0 6.0 7.0 7.0 6.0 6.0 5.0 3.0 5.0 7.0 6.0 5.0 7.0 3.0 1.0 7.0 5.0 7.0 5.0 4.0 5.0 3.0 2.0 2.0 2.0 1.0 5.0 4.0 2.0 2.0 
'0513' 7.0 7.0 7.0 5.0 4.0 7.0 7.0 7.0 7.0 5.0 6.0 1.0 7.0 7.0 7.0 5.0 7.0 7.0 7.0 7.0 7.0 7.0 7.0 7.0 7.0 7.0 5.0 6.0 4.0 4.0 4.0 7.0 7.0 2.0 6.0 6.0 7.0 6.0 7.0 7.0 4.0 1.0 7.0 7.0 4.0 6.0 5.0 4.0 4.0 7.0 7.0 7.0 7.0 6.0 5.0 7.0 7.0 7.0 7.0 4.0 2.0 6.0 6.0 7.0 4.0 7.0 7.0 6.0 2.0 2.0 1.0 3.0 4.0 6.0 7.0 2.0 
